0.00589951489341 0.0125140119395 0.0132444055931 0.0151668026157 0.0157718339236 0.0169486601495 0.0174459789374 0.0183106223098 0.0187351404644 0.0194260223594 0.0197985532516 0.0203778565782 0.020711292689 0.0212124600656 0.0215153032951 0.0219584685759
0.00589872050084 0.0125100801995 0.0132361372753 0.0151537508564 0.0157535764956 0.0169248977664 0.0174164315425 0.0182750615912 0.0186933508913 0.0193778172784 0.0197437550688 0.0203163062766 0.0206428380357 0.0211369618548 0.0214326276159 0.0218684911993
0.00589713203658 0.012502219215 0.0132196086945 0.01512766509 0.0157170936233 0.0168774240775 0.0173574120478 0.0182040450212 0.0186099117383 0.0192815879717 0.0196343863202 0.0201934861031 0.0205062681623 0.020986370192 0.0212677527857 0.0216890913029
0.00589475014221 0.0124904339754 0.0131948359504 0.0150885807918 0.0156624492096 0.0168063411121 0.0172690708261 0.0180977819845 0.0184851024643 0.0191376953883 0.0194709011805 0.020009955488 0.020302260055 0.0207614921717 0.0210216287956 0.0214213747844
0.00589157577952 0.0124747319583 0.0131618431675 0.015036551103 0.0155897389455 0.0167118015999 0.0171516328922 0.0179565856869 0.0183193409408 0.0189466790514 0.0192539782692 0.0197665500108 0.0200318245014 0.0204635323933 0.0206956729909 0.0210669909781
0.00588761022992 0.0124551231238 0.0131206624651 0.0149716467439 0.0154990901162 0.0165940085957 0.0170053972525 0.017780872112 0.0181131818767 0.0187092547873 0.0189845174939 0.0194643771436 0.0196963004923 0.0200940857539 0.0202917609601 0.0206281213177
0.00588285509354 0.0124316199045 0.0130713339175 0.0148939558993 0.0153906613413 0.0164532149794 0.0168307360403 0.0175711586372 0.0178673147296 0.0184263117137 0.0186636358656 0.0191048106104 0.0192973478078 0.0196551279085 0.0198122144821 0.0201074643485
0.00587731228816 0.0124042371945 0.0130139055043 0.0148035840753 0.0152646422526 0.0162897228344 0.0166280934398 0.0173280623124 0.0175825611089 0.0180989084997 0.0182926623076 0.0186894833941 0.0188369378325 0.0191490034604 0.0192597866165 0.0195082171973
0.00587098404795 0.0123729923358 0.0129484330509 0.0147006539282 0.0151212531081 0.0161038827054 0.0163979844031 0.0170522978085 0.0172598716843 0.0177282689157 0.0178731314818 0.0182202794288 0.0183173426523 0.0185784119544 0.0186376440345 0.0188340536352
0.00586387292193 0.0123379051021 0.0128749801589 0.0145853050652 0.0149607443446 0.0158960927367 0.0161409931626 0.0167446750421 0.0169003226097 0.0173157766923 0.0174067766648 0.0176993240216 0.017741122498 0.0179463917626 0.0179493467138 0.0180890988919
0.00585598177226 0.0122989976809 0.0127936181281 0.0144576938184 0.0147833960684 0.0156667976949 0.0158577715454 0.0164060964858 0.0165051114785 0.0168629697107 0.016895521708 0.0171289730567 0.0171111116089 0.0172563019645 0.017198825133 0.0172779014042
0.00584731377238 0.0122562946533 0.0127044258675 0.0143179929918 0.0145895174875 0.015416487878 0.0155490370934 0.0160375541733 0.0160755528253 0.0163715335525 0.0163414721213 0.0165118010387 0.0164304025984 0.0165118023354 0.016390355121 0.0164054017027
0.0058378724048 0.0122098229715 0.0126074897979 0.0141663915811 0.0143794462835 0.0151456979131 0.015215570995 0.0156401264101 0.0156130731934 0.0158432944356 0.0157469053247 0.0158505880405 0.0157023294142 0.0157168315694 0.0155285305315 0.0154768986634
0.00582766145882 0.0121596119339 0.0125029037452 0.0140030944683 0.0141535479278 0.0148550054468 0.0148582158368 0.0152149742011 0.0151192057869 0.0152802115692 0.0151142601163 0.0151483056264 0.0149304489918 0.0148755838759 0.0146182339279 0.0144980133662
0.00581668502798 0.0121056931587 0.0123907688247 0.0138283220912 0.0139122149413 0.0145450297319 0.0144778731795 0.0147633374087 0.0145955847294 0.0146843689614 0.0144461254073 0.0144081018251 0.0141185217096 0.0139924840942 0.013664605476 0.0134746508231
0.00580494750733 0.0120481005552 0.0122711933161 0.0136423100868 0.0136558661008 0.0142164301135 0.0140755009678 0.0142865306542 0.0140439389522 0.0140579667169 0.0137452282807 0.0136332852336 0.013270490758 0.0130721614853 0.0126730102559 0.0124129598502
0.00579245359049 0.0119868702924 0.0121442925304 0.0134453089124 0.0133849455922 0.0138699044191 0.0136521107814 0.0137859389778 0.0134660857362 0.0134033118615 0.0130144214315 0.012827308339 0.0123904605441 0.0121194223649 0.0116490042118 0.0113192913752
0.00577920826654 0.0119220407669 0.0120101886678 0.0132375834417 0.0130999221151 0.0135061872568 0.0132087649355 0.0132630132722 0.0128639239342 0.0127228087377 0.0122566700508 0.0119937501447 0.0114826742575 0.0111392217487 0.0105982989709 0.0102001554774
0.00576521681667 0.0118536525673 0.011869010668 0.0130194125395 0.0128012879373 0.013126048226 0.0127465734407 0.0127192655061 0.0122394268996 0.0120189490102 0.0114750382174 0.0111362981973 0.0105514907266 0.0101366341888 0.00952672576654 0.00906217747113
0.0057504848107 0.0117817484381 0.0117208940518 0.0127910886137 0.0124895579047 0.0127302900461 0.0122666908306 0.0121562637547 0.0115946351503 0.0112943013289 0.0106726748639 0.0102587301076 0.00960136070148 0.00911682398266 0.00844019870846 0.00791205334558
0.00573501810335 0.0117063732406 0.0115659807551 0.0125529171468 0.0121652684065 0.012319746607 0.0117703128677 0.0115756270544 0.0109316487976 0.0105515006935 0.00985279938593 0.00936489466609 0.0086368026984 0.00808501494187 0.00734467764609 0.00675650488093
0.00571882283042 0.0116275739126 0.0114044189559 0.0123052162069 0.0118289762995 0.011895280948 0.0112586731379 0.0109790201008 0.0102526197694 0.00979323756758 0.00901868696464 0.00845869265336 0.00766237854826 0.00704645990812 0.00624613087316 0.00560223476052
0.00570190540467 0.0115453994262 0.0112363628928 0.01204831594 0.0114812577922 0.011457783169 0.0107330395433 0.0103681478075 0.00955974385816 0.00902224678995 0.00817365367376 0.0075440574465 0.00668266878782 0.0060064102066 0.00515049792226 0.00445588199868
0.00568427251163 0.0114599007434 0.0110619726778 0.011782558043 0.0111227072936 0.0110081682806 0.0101947107052 0.00974474974547 0.00885525262734 0.0082412963322 0.00732104144398 0.00662493552578 0.00570224803678 0.00497008522614 0.00406365269698 0.00332397800052
0.00566593110519 0.011371130771 0.0108814141016 0.0115082952207 0.010753936227 0.0105473739988 0.00964501228743 0.00911059448353 0.00814140520577 0.00745317595225 0.00646420295738 0.00570526698408 0.00472566050137 0.00394264231436 0.00299136718593 0.00221290356459
0.00564688840301 0.0112791443124 0.0106948584324 0.011225890625 0.0103755718126 0.0100763584896 0.00908529325211 0.00846747384751 0.00742048000414 0.00666068579363 0.00560648654497 0.00478896614218 0.00375739574518 0.00292914717351 0.00193927599864 0.00112884713123
0.00562715188182 0.0111839980195 0.0105024822087 0.0109357172798 0.00998825582156 0.00959609806924 0.00851692205845 0.00781719712058 0.00669476638552 0.00586662498031 0.00475122116032 0.00387990237211 0.0028018648652 0.00193454493898 0.000912841956603 7.77645698903e-05
0.0056067292725 0.0110857503415 0.0103044670267 0.0106381574916 0.009592643304 0.00910758486714 0.00794128281727 0.0071615852035 0.00596655632286 0.0050737802572 0.00390170150158 0.00298188122925 0.00186337720876 0.000963632117574 -8.26770347499e-05 -0.000934659214081
0.00558562855507 0.0109844614736 0.0101009993209 0.010333602246 0.00918940129375 0.0086118244571 0.00735977141211 0.00650246475588 0.00523813607625 0.0042849147257 0.00306117335315 0.00209862599174 0.000946117763251 2.10295566254e-05 -0.00104225961727 -0.0019030465863
0.00556385795344 0.010880193303 0.0098922701409 0.010022450593 0.00877920749299 0.00810983346269 0.00677379159923 0.00584166233847 0.00451177792236 0.00350275672332 0.00223281921728 0.0012337597037 5.41253462039e-05 -0.000888843392102 -0.00196115090922 -0.00282236115359
0.00554142593014 0.0107730093548 0.00967847492248 0.00970510902133 0.0083627489395 0.00760263714355 0.0061847510981 0.00518099857706 0.00378973196837 0.00272998889544 0.00141974430374 0.000390787815167 -0.00080872828195 -0.00176179335787 -0.00283489053957 -0.00368793916504
0.00551834118077 0.0106629747355 0.00945981325408 0.00938199082186 0.00794072065935 0.00709126696875 0.00559405768444 0.00452228236783 0.00307421808231 0.00196923750655 0.000624962944221 -0.000426918491416 -0.00163875826577 -0.00259387593916 -0.00365933860839 -0.00449551813105
0.00549461262846 0.010550156076 0.00923648863936 0.00905351544364 0.00751382430821 0.00657675818345 0.00500311529741 0.00386730514455 0.00236741797079 0.00122306203665 -0.000148614504505 -0.00121613820267 -0.00243248535338 -0.00338141705797 -0.0044306994088 -0.00524126246865
0.00547024941806 0.0104346214734 0.00900870825569 0.00872010784146 0.00708276680408 0.00606014737531 0.0044133201728 0.00321783522682 0.00167146743498 0.000493945107483 -0.000898194207325 -0.00197381552249 -0.0031866533428 -0.00412103255442 -0.00514554276241 -0.00592178600392
0.00544526091031 0.0103164404311 0.00877668270914 0.00838219781744 0.00664825895446 0.00554247004673 0.00382605701374 0.00257561226912 0.000988448834212 -0.000215717218643 -0.00162111078874 -0.00269707399089 -0.00389824518106 -0.0048096459078 -0.00580082283642 -0.00653417118593
0.00541965667586 0.0101956837987 0.00854062578624 0.0080402193572 0.00621101408096 0.00502475819938 0.00324269521042 0.00194234182917 0.000320383786363 -0.000903624726366 -0.00231483860687 -0.00338322960249 -0.00456449762915 -0.00544450398223 -0.00639389432916 -0.00707598489133
0.00539344648911 0.0100724237106 0.00830075420291 0.0076946099621 0.00577174664426 0.00450803793706 0.00266458511997 0.00131969007435 -0.000330773867633 -0.00156758188215 -0.0029770023117 -0.00402980285962 -0.00518291441494 -0.0060231907085 -0.00692252592823 -0.00754529072429
0.00536664032208 0.00994673352325 0.00805728735087 0.0073458099786 0.00533117087254 0.00399332709308 0.00209305441768 0.000709278643691 -0.000963144808325 -0.00220550617969 -0.00360538663951 -0.00463452970084 -0.00575127780534 -0.0065436386267 -0.00738491096568 -0.00794065774241
0.00533924833804 0.00981868775241 0.00781044704202 0.00699426192589 0.00488999939602 0.00348163288815 0.00152940453014 0.000112679682887 -0.00157493066621 -0.00281543596132 -0.00419794539956 -0.00519537125205 -0.00626765853847 -0.0070041382288 -0.00777967521336 -0.00826116556572
0.00531128088511 0.00968836200911 0.0075604572509 0.00664040982312 0.00444894189088 0.00297394962479 0.000974907160795 -0.000468588931243 -0.00216442011014 -0.00339553768347 -0.00475280961299 -0.00571052235418 -0.00673042406678 -0.00740334505404 -0.00810588178168 -0.00850640585288
0.00528274848979 0.00955583293514 0.00730754385589 0.00628469851721 0.00400870373516 0.00247125642388 0.000430800918093 -0.00103306816109 -0.00272999457334 -0.00394411259688 -0.00526829476865 -0.00617841882803 -0.00713824507205 -0.00774028450505 -0.0083630331052 -0.00867648015491
0.00525366185031 0.00942117813789 0.00705193437928 0.00592757301258 0.0035699846796 0.00197451500922 -0.000101711944057 -0.00157936215836 -0.00327013359606 -0.00445960281478 -0.00574290716483 -0.00659774344401 -0.00749010022368 -0.0080143543669 -0.0085510700183 -0.00877199418381
0.00522403183003 0.00928447612461 0.00679385772669 0.00556947780386 0.00313347753624 0.00148466754548 -0.000621468664195 -0.00210614237982 -0.00378341976568 -0.00494059674555 -0.00617534931058 -0.00696743057182 -0.00778527916227 -0.00822532502638 -0.00867036794425 -0.00879404855905
0.00519386945063 0.00914580623636 0.00653354392613 0.00521085621272 0.00269986688743 0.00100263453489 -0.00112734898059 -0.00261215145553 -0.00426854323677 -0.00538583386891 -0.00656452436537 -0.0072866694921 -0.00802338370086 -0.00837333740331 -0.00872173024068 -0.00874422612099
0.00516318588535 0.00900524858142 0.00627122386717 0.0048521497301 0.00226982781798 0.000529312777866 -0.00161827799944 -0.00309620679714 -0.00472430581533 -0.00579420883807 -0.00690953960019 -0.00755490635982 -0.00820432724698 -0.00845889862024 -0.00870637876372 -0.00862457592453
0.00513199245209 0.00886288396845 0.00600712904044 0.00449379736473 0.00184402467308 6.55734025404e-05 -0.00209322891592 -0.00355720393515 -0.00514962459323 -0.00616477489309 -0.00720970886876 -0.00777184481628 -0.00832833245911 -0.00848287545137 -0.00862594173193 -0.00843759404994
0.00510030060647 0.00871879383947 0.00574149127789 0.00413623499923 0.00142310984453 -0.000387740032124 -0.00255122558069 -0.00399411957471 -0.00554353512097 -0.00649674657422 -0.00746455408201 -0.00793744525412 -0.00839592716153 -0.00844648560533 -0.00848243898919 -0.00818620139225
0.00506812193488 0.00857306020253 0.0054745424942 0.00377989475477 0.00100772258768 -0.000829813355023 -0.00299134490464 -0.00440601436074 -0.00590519410851 -0.00678950172688 -0.0076738056842 -0.00805192274699 -0.00840793855163 -0.00835128691022 -0.0082782647831 -0.00787371860799
0.00503546814741 0.00842576556442 0.00520651442956 0.00342520436542 0.000598487871537 -0.00125986351916 -0.00341271909568 -0.00479203534442 -0.00623388164609 -0.00704258279337 -0.00783740213408 -0.00811574366285 -0.00836548574397 -0.00819916448218 -0.00801616819193 -0.00750383842293
0.0050023510708 0.00827699286331 0.00493763839432 0.00307258656317 0.00019601526436 -0.00167714025134 -0.00381453772146 -0.00515141814383 -0.00652900293887 -0.00725569738953 -0.0079554883992 -0.00812962098669 -0.00826997070468 -0.00799231597143 -0.0076992313485 -0.00708059551863
0.00496878264137 0.00812682540137 0.00466814501573 0.00272245847464 -0.000199102143182 -0.00208092761165 -0.00419604959284 -0.00548348879298 -0.0067900895512 -0.00742871816794 -0.00802841347668 -0.00809450838581 -0.00812306763919 -0.00773323499125 -0.00733084562379 -0.00660833423437
0.00493477489784 0.00797534677762 0.00439826398713 0.00237523103044 -0.000586288775052 -0.00247054545894 -0.00455656446325 -0.00578766527446 -0.00701680015837 -0.00756168197225 -0.00805672695813 -0.00801159305698 -0.00792671090518 -0.00742469284677 -0.00691468594606 -0.00609167433497
0.00490033997419 0.0078226408209 0.00412822382 0.00203130838826 -0.000964987565141 -0.00284535081932 -0.00489545453999 -0.0060634587321 -0.00720892080571 -0.00765478829076 -0.00804117466157 -0.00788228740159 -0.00768308153084 -0.0070697186903 -0.00645468344319 -0.00553547510771
0.00486549009253 0.00766879152308 0.00385825159902 0.0016910873704 -0.00133466090892 -0.0032047391545 -0.00521215580368 -0.00631047436132 -0.00736636467679 -0.00770839701994 -0.00798269335715 -0.00770821958088 -0.00739459242646 -0.00667157823948 -0.00595499660631 -0.00494479806255
0.00483023755591 0.00751388297266 0.0035885727407 0.00135495691679 -0.00169479156966 -0.00354814552732 -0.0055061691333 -0.00652841197585 -0.00748917137466 -0.00772302555225 -0.00788240461844 -0.00749122300925 -0.00706387238454 -0.00623375120301 -0.00541998118173 -0.00432486851816
0.00479459474112 0.00735799928869 0.00331941075557 0.00102329755432 -0.00204488353753 -0.0038750456621 -0.0057770612342 -0.00671706625078 -0.00757750572179 -0.00769934520519 -0.00774160783468 -0.00723332484895 -0.00669374897021 -0.00575990756586 -0.00485415900574 -0.00368103636268
0.00475857409153 0.00720122455522 0.00305098701458 0.000696480883237 -0.00238446284003 -0.0041849568977 -0.00602446536771 -0.00687632664302 -0.00763165608646 -0.00763817701145 -0.00756177242391 -0.00693673357485 -0.00628723041004 -0.00525388289251 -0.00426218600278 -0.00301873628248
0.00472218810993 0.00704364275622 0.0027835205197 0.000374869081485 -0.00271307830231 -0.00447743903134 -0.00624808188115 -0.00700617699146 -0.00765203224511 -0.007540486893 -0.00734452929004 -0.00660382568218 -0.005847486592 -0.00471965281201 -0.0036488195717 -0.00234344775411
0.00468544935135 0.0068853377111 0.00251722767918 5.88144276169e-05 -0.00303030225611 -0.00475209505195 -0.00644767853802 -0.00710669480009 -0.00763916279206 -0.00740738024427 -0.00709166157115 -0.00623713161497 -0.00537782929466 -0.00416130685274 -0.0030188855878 -0.00166065509425
0.00464837041595 0.00672639301094 0.00225232208772 -0.000251341156913 -0.00333573119604 -0.00500857176159 -0.00662309064847 -0.00717805020876 -0.0075936921098 -0.00724009595251 -0.00680509472883 -0.00583932099618 -0.00488169176689 -0.00358302179802 -0.00237724524922 -0.000975807860198
0.00461096394191 0.00656689195532 0.00198901431172 -0.000555266545483 -0.00362898638223 -0.00524656028418 -0.00677422100098 -0.007220504657 -0.00751637691452 -0.0070399998854 -0.00648688603202 -0.00541318724406 -0.00436260778286 -0.00298903473557 -0.00172876199608 -0.000294281888674
0.00457324259832 0.00640691749004 0.00172751167996 -0.000852641823419 -0.00390971438832 -0.00546579646092 -0.00690103959681 -0.00723440924762 -0.00740808239363 -0.00680857787848 -0.00613921349092 -0.00496163166218 -0.00382419029929 -0.00238361597463 -0.00107826872837 0.000378658746006
0.00453521907816 0.00624655214562 0.00146801807997 -0.00114315868392 -0.00417758759414 -0.00566606113222 -0.00700358318919 -0.00722020281784 -0.00726977795306 -0.00654742825685 -0.00576436429944 -0.00448764709269 -0.00327010984333 -0.00177104200437 -0.000430535545212 0.0010378985822
0.00449690609129 0.0060858779767 0.00121073376023 -0.00142652080228 -0.00443230462223 -0.005847180306 -0.00708195463006 -0.00717840972657 -0.00710253259398 -0.00625825392762 -0.00536472284638 -0.0039943012243 -0.00270407276045 -0.0011555686654 0.000209761777298 0.00167850616827
0.0044583163575 0.00592497650239 0.00095585513846 -0.00170244418787 -0.00467359071772 -0.00600902521289 -0.00713632202752 -0.0071096373675 -0.00690750993982 -0.00594285408124 -0.00494275835751 -0.00348471964775 -0.00212979945136 -0.000541404704178 0.000838072358895 0.0022957677584
0.00441946259957 0.00576392864762 0.000703574616284 -0.00197065751348 -0.00490119807127 -0.00615151224879 -0.00716691771805 -0.00701457341869 -0.00668596293561 -0.00560311554131 -0.00450101223191 -0.00296206875222 -0.00155100272648 6.73141241461e-05 0.00144999963622 0.00288521907262
0.00438035753649 0.00560281468559 0.000454080400369 -0.00223090242164 -0.00511490608465 -0.00627460280595 -0.00717403705762 -0.00689398283991 -0.00643922824326 -0.00524100380382 -0.0040420851375 -0.00242953855652 -0.0009713664046 0.000666550243262 0.00204132943907 0.00344267490331
0.00434101387659 0.00544171418122 0.000207556330284 -0.0024829338075 -0.00531452157884 -0.0063783029936 -0.00715803703688 -0.00674870463029 -0.00616872035686 -0.00485855380808 -0.00356862393082 -0.00189032556836 -0.00039452428017 0.00125238857827 0.00260805653961 0.00396425636772
0.00430144431088 0.00528070593593 -3.58182867603e-05 -0.00272652007807 -0.00549987894468 -0.0064626632497 -0.00711933472586 -0.0065796483591 -0.00587592546373 -0.00445786048217 -0.00308330846711 -0.00134761576452 0.000175960419411 0.00182105986475 0.00314640950438 0.00444641562554
0.00426166150639 0.00511986793344 -0.000275868834113 -0.00296144338737 -0.00567084023623 -0.00652777784578 -0.00705840555391 -0.00638779048355 -0.00556239507722 -0.00404106910684 -0.00258883836652 -0.000804567783022 0.000736614969107 0.00236896280336 0.00365287369177 0.00488595790058
0.00422167809956 0.00495927728694 -0.000512425536688 -0.00318749984758 -0.00582729520691 -0.0065737842867 -0.00697578143168 -0.00617417046812 -0.00522973946837 -0.0036103655421 -0.00208791980212 -0.000264296417057 0.00128407636108 0.00289268492762 0.0041242122525 0.00528006066724
0.0041815066898 0.00479901018756 -0.000745323604612 -0.00340449971573 -0.00596916128901 -0.00660086260783 -0.00687204872174 -0.00593988672037 -0.00487962092413 -0.00316796636094 -0.00158325237484 0.000270143502405 0.00181510969123 0.00338902206177 0.00455748500438 0.00562628988459
0.00414115983306 0.00463914185409 -0.000974403369404 -0.00361226755596 -0.00609638351687 -0.00660923457223 -0.00674784606517 -0.00568609235899 -0.00451374686002 -0.00271610893517 -0.00107751613945 0.000795772750733 0.00232662561538 0.00385499625584 0.00495006507001 0.00592261318403
0.0041006500355 0.00447974648416 -0.00119951041255 -0.00381064237726 -0.0062089343945 -0.00659916277066 -0.00660386207206 -0.00541399083003 -0.00413386281609 -0.00225704151766 -0.00057335884461 0.0013097027994 0.00281569677927 0.00428787209552 0.00529965318141 0.00616740993993
0.00405998974729 0.00432089720682 -0.0014204956864 -0.0039994777467 -0.00630681370829 -0.00657094962753 -0.00644083288365 -0.00512483138798 -0.00374174536463 -0.00179301336542 -7.33834483416e-05 0.00180915027387 0.00327957313375 0.00468517129625 0.0056042895732 0.00635947817674
0.00401919135648 0.00416266603655 -0.00163721562724 -0.00417864187804 -0.00639004828571 -0.00652493631605 -0.00625953961478 -0.00481990445859 -0.00333919495879 -0.00132626494731 0.000419864031473 0.00229145070611 0.00371569605345 0.00504468550233 0.00586236340333 0.00649803829007
0.00397826718295 0.00400512382874 -0.00184953226051 -0.00434801769598 -0.00645869170097 -0.00646150158626 -0.00606080568529 -0.00450053690052 -0.00292802875102 -0.00085901827922 0.000903906274144 0.00275407151291 0.0041217111854 0.00536448722439 0.00607261965815 0.00658273358323
0.00393722947255 0.00384834023678 -0.0020573132981 -0.00450750287593 -0.00651282392866 -0.00638106050948 -0.00584549404931 -0.00416808718336 -0.00251007341002 -0.000393467429153 0.00137634596576 0.00319462413559 0.00449547996229 0.00564293886121 0.00623416351658 0.00661362764495
0.00389609039123 0.00369238367057 -0.00226043222762 -0.00465700985974 -0.00655255094671 -0.00628406314329 -0.00561450433181 -0.00382394049955 -0.00208715796514 6.82307670183e-05 0.00183487660898 0.00361087528222 0.00483508972325 0.00587869976477 0.0063464621662 0.00659119861711
0.00385486201937 0.00353732125671 -0.00245876839367 -0.00479646584727 -0.00657800428976 -0.0061709931211 -0.00536876988174 -0.00346950382793 -0.00166110670621 0.000523965739174 0.00227729278354 0.00400075721876 0.00513886239431 0.00607073132039 0.00640934408202 0.00651633042458
0.00381355634624 0.00338321880022 -0.00265220707099 -0.0049258127643 -0.00658934055456 -0.00604236617052 -0.00510925475161 -0.00310620096657 -0.00123373216691 0.000971681927714 0.00270149981132 0.00436237706092 0.00540536168942 0.00621830002706 0.00642299579631 0.00639030106147
0.00377218526446 0.00323014074796 -0.00284063952962 -0.00504500720696 -0.00658674085872 -0.00589872856509 -0.00483695061301 -0.00273546755272 -0.000806828218867 0.00140938720275 0.00310552278295 0.00469402502503 0.00563339880232 0.00632097857639 0.00638795620546 0.00621476804933
0.00373076056474 0.00307815015359 -0.00302396309186 -0.00515402036294 -0.00657041025444 -0.00574065551386 -0.00455287361838 -0.00235874608731 -0.000382163303066 0.00183516092279 0.00348751490672 0.00499418160172 0.00582203656887 0.00637864494128 0.00630510847652 0.00599175120325
0.00368929393062 0.0029273086443 -0.00320208118125 -0.00525283791003 -0.00654057709895 -0.0055687494936 -0.00425806121863 -0.00197748098152 3.85261754418e-05 0.00224716159995 0.00384576514411 0.00526152362284 0.00597059208867 0.00639147949878 0.00617566963256 0.00572361286109
0.00364779693343 0.00277767638915 -0.0033749033634 -0.00534145989213 -0.00649749238337 -0.00538363852835 -0.00395356894703 -0.00159311364268 0.000453542264685 0.00264363414067 0.00417870510024 0.00549492919829 0.00607863780447 0.00635996022382 0.00600117791174 0.00541303574843
0.00360628102729 0.00262931206915 -0.0035423453789 -0.00541990057345 -0.00644142902179 -0.00518597442135 -0.00364046717918 -0.00120707761634 0.000861231670695 0.0030229166333 0.00448491514154 0.00569348150584 0.0061460010469 0.00628485600317 0.00578347800957 0.0050629986687
0.00356475754435 0.00248227284897 -0.00370432916813 -0.00548818827116 -0.0063726811025 -0.00497643094429 -0.00331983787934 -0.000820793801049 0.00125999172729 0.00338344665601 0.00476312971714 0.00585647142354 0.00617276206152 0.00616721813053 0.00552470432806 0.00467675022243
0.00352323769006 0.00233661435051 -0.0038607828882 -0.00554636516711 -0.00629156310337 -0.00475570198893 -0.00299277134292 -0.000435665752259 0.00164827610894 0.00372376708102 0.0050122418644 0.00598339900102 0.00615925054394 0.00600837005527 0.0052272623683 0.00425778077257
0.00348173253866 0.00219239062803 -0.00401164092202 -0.00559448709912 -0.0061984090734 -0.00452449968623 -0.0026603629453 -5.30750907427e-05 0.0020246002661 0.00404253135358 0.00523130688383 0.00607397377192 0.00610604071774 0.00580989546799 0.00489380841499 0.00380979288448
0.00344025302877 0.00204965414514 -0.00415684387955 -0.00563262333248 -0.00609357178241 -0.0042835524982 -0.00232370990666 0.000325622969003 0.00238754656386 0.00433850822676 0.00541954517231 0.00612811391687 0.00601394499839 0.00557362481627 0.00452722767211 0.00333667047848
0.00339880995912 0.00190845575343 -0.00429633859141 -0.00566085631217 -0.00597742184125 -0.00403360328758 -0.00198390808257 0.000699103955875 0.00273576910596 0.0046105859357 0.00557634420844 0.00614594429187 0.00588400629459 0.0053016203536 0.00413061101848 0.00284244694047
0.00335741398444 0.00176884467293 -0.00443007809479 -0.0056792813965 -0.00585034679444 -0.00377540737062 -0.00164204878992 0.00106607833072 0.00306799822772 0.00485777579777 0.00570125968779 0.00612779334387 0.005717489006 0.00499615983292 0.00370723056022 0.00233127244207
0.00331607561151 0.00163086847421 -0.00455802161195 -0.00568800657285 -0.00571275018766 -0.00350973055803 -0.00129921567734 0.00142529551299 0.00338304464304 0.00507921522756 0.0057940158104 0.00607418894078 0.00551586878407 0.00465971896426 0.00326051416411 0.00180738072501
0.0032748051953 0.00149457306231 -0.0046801345213 -0.00568715215616 -0.0055650506123 -0.00323734718948 -0.000956481649495 0.0017755477328 0.00367980323196 0.00527417015884 0.00585450472694 0.00598585314923 0.00528082112934 0.00429495276314 0.00279401916119 0.00127505560674
0.00323361293535 0.00136000266229 -0.00479638832123 -0.00567685047086 -0.00540768072923 -0.00295903816655 -0.000614905853794 0.00211567369656 0.00395725645701 0.00544203686788 0.00588278515426 0.00586369599873 0.00501420890496 0.00390467592217 0.0023114054144 0.000738597463719
0.00319250887218 0.00122719980662 -0.00490676058683 -0.00565724551707 -0.00524108627432 -0.00267558898943 -0.000275530738349 0.00244456205488 0.00421447739821 0.00558234319578 0.00587908017513 0.00570880827647 0.00471806885222 0.00349184234394 0.0018164079465 0.000202289946732
0.00315150288398 0.00109620532417 -0.00501123491966 -0.00562849262174 -0.00506572504783 -0.00238778780221 6.06208107504e-05 0.00276115466262 0.00445063239807 0.00569474916987 0.00584377424104 0.00552245340163 0.00439459719891 0.00305952397723 0.00131280932619 -0.000329632821464
0.00311060468332 0.000967058331005 -0.00510980089069 -0.00559075807552 -0.00488206589011 -0.00209642345193 0.000392548244799 0.00306444962151 0.00466498330976 0.00577904702716 0.00577740940048 0.00530605843301 0.00404613445626 0.002610889102 0.000804412009822 -0.00085301832186
0.00306982381415 0.000839796222794 -0.00520245397655 -0.00554421875623 -0.00469058764593 -0.00180228356604 0.000719276032941 0.00335350409664 0.00485688934331 0.00583516064546 0.00568068077939 0.00506120426801 0.00367514950402 0.00214918021093 0.000295010835006 -0.00136382675175
0.00302916964883 0.00071445466894 -0.00528919548941 -0.00548906173959 -0.00449177811973 -0.0015061526532 0.00103985624051 0.0036274368994 0.00502580850622 0.00586314439052 0.00555443134342 0.00478961509498 0.00328422306684 0.00167769163648 -0.000211634140669 -0.00185816094707
0.00298865138539 0.000591067608351 -0.00537003250042 -0.00542548389824 -0.00428613302428 -0.001208810232 0.00135337099843 0.0038854308297 0.00517129863674 0.00586318139006 0.0053996459754 0.00449314716452 0.00287603068781 0.00119974707285 -0.000711824266867 -0.00233229489875
0.00294827804491 0.00046966724686 -0.00544497775716 -0.00535369148964 -0.00407415492481 -0.000911028992152 0.00165893485726 0.00412673477191 0.00529301802965 0.00583558124795 0.00521744490443 0.00417377694852 0.00245332530691 0.000718677141433 -0.00120194821015 -0.0027827006598
0.00290805846904 0.000350284056268 -0.00551404959507 -0.00527389973392 -0.00385635218115 -0.000613572992557 0.00195569701994 0.00435066553948 0.00539072565602 0.00578077721461 0.00500907652594 0.00383358875851 0.00201891955384 0.000237797146786 -0.00167850696938 -0.00320607345425
0.00286800131775 0.00023294677499 -0.00557727184322 -0.00518633238241 -0.00363323789011 -0.000317195900475 0.00224284344758 0.00455660946426 0.0054642809802 0.00569932283156 0.00477590965478 0.00347476189718 0.00157566786516 -0.000239614832612 -0.0021381378283 -0.00359935481447
0.00282811506712 0.000117682410277 -0.00563467372454 -0.00509122127771 -0.00340532883022 -2.26392759244e-05 0.00251959883342 0.00474402372754 0.00551364337873 0.00559188807068 0.00451942525599 0.00309955741888 0.0011264485358 -0.000710339377969 -0.00257763708561 -0.0039597535898
0.00278840800734 4.51624199905e-06 -0.0056862897507 -0.00498880590623 -0.00317314441127 0.000269369094775 0.00278522844002 0.00491243743077 0.00553887116751 0.00545925499056 0.00424120769989 0.00271030457636 0.000674145814348 -0.00117123655187 -0.00299398141341 -0.00428476468763
0.00274888824092 -0.00010652817205 -0.00573215961195 -0.00487933294401 -0.00293720563066 0.000558116812572 0.00303903979591 0.00506145240484 0.00554012024522 0.00530231293451 0.00394293559035 0.00230938703196 0.000221632150209 -0.00161926597706 -0.00338434770561 -0.00457218542618
0.00270956368093 -0.000215428989337 -0.00577232806208 -0.00476305579672 -0.0026980340388 0.000842908422777 0.00328038424766 0.0051907437578 0.00551764236221 0.00512205329651 0.00362637221662 0.00189922891221 -0.000228249301166 -0.00205150604743 -0.00374613129046 -0.00482012939792
0.00267044204948 -0.000322166074309 -0.00580684479869 -0.00464023413468 -0.00245615071564 0.00112306691231 0.00350865836453 0.0053000601618 0.00547178302575 0.00491956388325 0.00329335568058 0.0014822807846 -0.000672701811465 -0.00246517215335 -0.00407696239364 -0.00502703776244
0.0026315308763 -0.000426720988663 -0.00583576433907 -0.0045111334238 -0.00221207526035 0.00139793514391 0.00372330519276 0.00538922388101 0.00540297905384 0.00469602290177 0.00294578875238 0.00106100563537 -0.00110899175071 -0.0028576338109 -0.00437472075232 -0.00519168790789
0.00259283749754 -0.000529076980208 -0.00585914589184 -0.00437602445332 -0.00196632479624 0.00166687722435 0.0039238153575 0.00545813054314 0.00531175579098 0.00445269260382 0.00258562850837 0.000637864925902 -0.0015344646999 -0.00322643059323 -0.00463754829463 -0.00531319944103
0.00255436905463 -0.000629218970346 -0.00587705322474 -0.00423518286109 -0.00171941299268 0.00192927980388 0.00410972801057 0.00550674865807 0.00519872400067 0.00419091261931 0.00221487580574 0.000215304804626 -0.0019465609128 -0.0035692867706 -0.00486385981325 -0.00539103748639
0.0025161324933 -0.000727133540206 -0.00588955452855 -0.00408888865742 -0.00147184910611 0.00218455330433 0.00428063162301 0.00553511888809 0.00506457645056 0.00391209301203 0.00183556464848 -0.000204257450751 -0.0023428300395 -0.00388412457583 -0.00505235157732 -0.00542501329624
0.00247813456285 -0.000822808915469 -0.00589672227767 -0.00393742574817 -0.00122413704178 0.00243213307358 0.00443616462155 0.00554335307482 0.00491008420717 0.00361770709221 0.00144975149953 -0.00061844668752 -0.00272094502979 -0.00416907602091 -0.00520200784174 -0.00541528219304
0.00244038181539 -0.000916234949917 -0.00589863308732 -0.00378108145808 -0.000976774438041 0.00267148046425 0.00457601586906 0.00553163302919 0.00473609265821 0.00330928402091 0.00105950459346 -0.00102494275826 -0.00307871513985 -0.0044224932017 -0.00531210522837 -0.00536233888691
0.00240288060541 -0.00100740310774 -0.00589536756791 -0.00362014605496 -0.00073025177484 0.00290208383478 0.00469992498901 0.00550020909091 0.0045435172814 0.00298840124187 0.000666893303587 -0.00142149295928 -0.0034140979726 -0.00464295703749 -0.00538221496916 -0.00526701022971
0.00236563708929 -0.00109630644466 -0.00588701017646 -0.00345491227571 -0.000485051507968 0.00312345947121 0.00480768253492 0.00544939846549 0.0043333391795 0.00265667677699 0.000273977616652 -0.0018059239626 -0.00372521048788 -0.00482928440367 -0.00541220301653 -0.00513044548678
0.00232865722514 -0.00118293958787 -0.00587364906566 -0.00328567485496 -0.000241647230645 0.00333515242824 0.00489913000604 0.00537958334673 0.00410660040212 0.00231576142185 -0.000117202233038 -0.00217615318024 -0.00401033892619 -0.00498053362626 -0.00540222804143 -0.00495410422536
0.00229194677267 -0.00126729871483 -0.00585537593061 -0.00311273005693 -5.02863816913e-07 0.00353673728844 0.00497415971086 0.00529120883403 0.0038643990753 0.00196733087752 -0.000504635919302 -0.00253019950345 -0.00426794759653 -0.00509600831873 -0.00535273735449 -0.00473974193614
0.00225551129316 -0.00134938153107 -0.00583228585349 -0.0029363752115 0.000237928123472 0.00372781883861 0.00503271448076 0.00518478065385 0.00360788436073 0.00161307785524 -0.000886352920564 -0.00286619336354 -0.0044966864863 -0.0051752595522 -0.0052644608 -0.00448939352058
0.00221935614969 -0.00142918724685 -0.00580447714654 -0.00275690825507 0.000473203462363 0.00390803266254 0.00507478723636 0.00506086269581 0.00333825126662 0.0012547041898 -0.0012604321099 -0.00318238606532 -0.00469539765923 -0.0052180863616 -0.00513840268658 -0.00420535479163
0.00218348650739 -0.00150671655286 -0.00577205119338 -0.00257462727698 0.000704892799951 0.00407704564978 0.00510042040963 0.004920074374 0.00305673533273 0.000893912997523 -0.00162501099343 -0.00347715834863 -0.0048631204143 -0.00522453460113 -0.00497583183173 -0.00389016214934
0.00214790733383 -0.00158197159498 -0.00573511228915 -0.00238983007224 0.000932578381454 0.00423455642007 0.00510970522523 0.00476308782498 0.00276460721254 0.000532400913707 -0.00197829455417 -0.00374902813849 -0.00499909518734 -0.00519489417321 -0.00477826981016 -0.00354657060534
0.00211262339962 -0.00165495594808 -0.00569376747949 -0.00220281370112 0.00115585569779 0.00438029566346 0.00510278084489 0.00459062495403 0.00246316717518 0.000171850444047 -0.00231856366078 -0.00399665744884 -0.00510276618401 -0.00512969466577 -0.00454747750762 -0.0031775303409
0.002077639279 -0.00172567458901 -0.00564812639874 -0.00201387405642 0.00137433409762 0.00451402639625 0.00507983337918 0.00440345434192 0.00215373955042 -0.000186077536642 -0.00264418300345 -0.00421885841052 -0.00517378274136 -0.0050296994427 -0.00428544009339 -0.00278616199291
0.00204295935068 -0.00179413386866 -0.00559830110756 -0.00182330543891 0.00158763736312 0.00463554413324 0.0050410947711 0.00420238802472 0.00183766713962 -0.000539751105925 -0.00295360852177 -0.00441459839875 -0.00521199942251 -0.0048958982421 -0.00399435053431 -0.00237573087002
0.00200858779873 -0.00186034148335 -0.00554440593011 -0.00163140014159 0.0017954042487 0.00474467697687 0.0049868415566 0.00398827815937 0.00151630561543 -0.000887574404258 -0.00324539429257 -0.00458300424122 -0.00521747485701 -0.00472949834664 -0.00367659178278 -0.00194962030709
0.00197452861353 -0.0019243064454 -0.00548655729119 -0.00143844804346 0.001997288982 0.00484128562413 0.00491739350719 0.00376201358813 0.00119101793305 -0.00122799450455 -0.00351819884865 -0.00472336549278 -0.00519046934673 -0.00453191439855 -0.0033347177792 -0.00151130437109
0.00194078559301 -0.00198603905298 -0.00542487355341 -0.00124473621314 0.00219296172676 0.00492526329222 0.00483311216021 0.00352451631532 0.000863168775275 -0.00155950801232 -0.00377079090258 -0.00483513676818 -0.00513144126449 -0.00430475694061 -0.00297143341635 -0.00106432013417
0.00190736234378 -0.0020455508594 -0.00535947485467 -0.00105054852304 0.00238210900701 0.00499653556433 0.00473439924268 0.00327673790955 0.000534119053426 -0.0018806673694 -0.00400205445307 -0.00491793913005 -0.00504104227991 -0.00404981977165 -0.00258957361925 -0.000612239730908
0.00187426228254 -0.00210285464169 -0.00529048294617 -0.000856165274565 0.00256443409225 0.00505506015691 0.00462169499473 0.00301965584522 0.000205220485507 -0.00219008683601 -0.00421099325477 -0.00497156053394 -0.0049201114535 -0.0037690662124 -0.00219208169871 -0.000158642416351
0.00184148863748 -0.00215796436866 -0.00521802103119 -0.000661862834703 0.0027396573434 0.00510082661006 0.00449547639899 0.00275426979675 -0.000122189727364 -0.0024864481275 -0.00439673463562 -0.00499595533807 -0.00476966824673 -0.00346461438341 -0.00178198714057 0.00029291316076
0.00180904444987 -0.00221089516842 -0.00514221360472 -0.000467913284613 0.00290751651932 0.00513385590289 0.00435625532251 0.00248159789923 -0.000446794106037 -0.00276850568416 -0.0045585326498 -0.0049912428903 -0.00459090450173 -0.00313872160264 -0.00136238299486 0.000738916258938
0.00177693257569 -0.00226166329541 -0.00506318629437 -0.000274584080479 0.00306776704382 0.00515419999588 0.00420457657791 0.00220267298895 -0.000767299960324 -0.00303509155423 -0.00469577055729 -0.00495770520989 -0.00438517545018 -0.00279376801474 -0.000936403030465 0.00117593071372
0.00174515568734 -0.00231028609705 -0.00498106570246 -8.21377271107e-05 0.00322018223318 0.00516194130228 0.00404101591068 0.00191853883745 -0.00108244429916 -0.0032851198723 -0.0048079626249 -0.00489578378654 -0.00415398981613 -0.0024322395682 -0.00050719882081 0.00160062077778
0.00171371627552 -0.00235678197987 -0.00489597924981 0.000109168535401 0.00336455348435 0.005157192091 0.00386617791961 0.00163024639218 -0.00139099856598 -0.00351759091744 -0.00489475524707 -0.00480607552384 -0.00389899908238 -0.00205671045953 -7.79169249496e-05 0.00200977594129
0.00168261665111 -0.00240117037541 -0.00480805502108 0.000299083031627 0.00350069042383 0.00514009382342 0.0036806939176 0.00133885003714 -0.00169177318236 -0.00373159473723 -0.00495592738819 -0.00468932785879 -0.00362198599448 -0.00166982516608 0.000348323673852 0.00240033455201
0.0016518589472 -0.00244347170578 -0.00471742161217 0.000487359937058 0.00362842101775 0.00511081642661 0.00348521974 0.00104540388626 -0.00198362188386 -0.00392631432626 -0.00499139035147 -0.00454643309319 -0.00332485238017 -0.00127428019048 0.000768453713493 0.00276940606559
0.00162144512119 -0.00248370734888 -0.00462420797953 0.000673759550394 0.00374759164324 0.00506955750588 0.00328043350785 0.000750958122134 -0.00226544583312 -0.00410102834979 -0.00500118688308 -0.00437842197695 -0.00300960636561 -0.00087280564036 0.00117947522831 0.00311429176899
0.00159137695689 -0.00252189960349 -0.00452854329186 0.000858048551656 0.00385806712182 0.00501654149943 0.00306703335329 0.000456555392548 -0.00253619749631 -0.00425511340523 -0.00498548962315 -0.00418645658682 -0.00267834907224 -0.000468146766848 0.00157848240589 0.00343250383263
0.00156165606686 -0.00255807165413 -0.00443055678411 0.00104000024588 0.00395973071497 0.00495201877801 0.00284573511466 0.000163227276551 -0.0027948842702 -0.00438804581658 -0.0049445989187 -0.00397182254776 -0.00233326088097 -6.30455843528e-05 0.00196268158357 0.00372178256177
0.00153228389465 -0.00259224753575 -0.00433037761409 0.00121939479227 0.00405248408284 0.00487626469275 0.00261727000845 -0.000128009168233 -0.00304057184813 -0.00449940295897 -0.00487894001656 -0.00373592064713 -0.00197658735138 0.000339777307732 0.00232941025049 0.00398011173223
0.00150326171722 -0.00262445209834 -0.00422813472171 0.00139601941856 0.00413624720639 0.00478957857437 0.00238238228562 -0.000416154766035 -0.00327238731465 -0.00458886411265 -0.0047890596571 -0.00348025789486 -0.00161062488549 0.000737640583254 0.00267615492942 0.00420573191149
0.00147459064739 -0.00265471097151 -0.00412395669118 0.00156966862063 0.00421095827406 0.00469228268683 0.00214182687945 -0.000700231480461 -0.00348952195954 -0.00465621084802 -0.0046756220927 -0.00320643808511 -0.00123770622576 0.00112791961271 0.00300056782184 0.00439715168279
0.00144627163633 -0.00268305052897 -0.00401797161609 0.00174014434712 0.00427657353341 0.00458472113897 0.00189636705219 -0.000979285558971 -0.00369123380328 -0.00470132694523 -0.00453940455724 -0.00291615191734 -0.000860185877332 0.00150806334113 0.0033004821098 0.00455315670652
0.00141830547618 -0.00270949785307 -0.00391030696765 0.00190725616912 0.00433306710891 0.00446725875728 0.00164677204756 -0.00125239055473 -0.00387684982743 -0.0047241978541 -0.00438129221558 -0.00261116673628 -0.00048042554381 0.00187561051446 0.00357392581879 0.00467281657051
0.00139069280263 -0.00273408069939 -0.00380108946614 0.00207082143476 0.00438043078651 0.0043402799235 0.00139381475624 -0.00151865021683 -0.00404576790438 -0.00472490970216 -0.00420227262409 -0.00229331595188 -0.00010077966511 0.00222820515399 0.00381913415689 0.00475548939812
0.00136343409766 -0.00275682746135 -0.00369044495569 0.00223066540889 0.00441867376626 0.00420418738027 0.00113826940097 -0.00177720124035 -0.00419745842254 -0.00470364786041 -0.0040034297357 -0.00196448820148 0.00027641885597 0.00256361118417 0.00403456025751 0.0048008242008
0.00133652969224 -0.00277776713504 -0.00357849828258 0.00238662139768 0.00444782238376 0.00405940100851 0.000880909248204 -0.00202721586857 -0.00433146560397 -0.00466069507841 -0.00378593748452 -0.00162661631702 0.000648872653627 0.00287972612596 0.00421888426483 0.00480876097878
0.0013099797691 -0.00279692928411 -0.00346537317697 0.00253853085835 0.00446791980172 0.00390635657994 0.000622504352657 -0.00226790434001 -0.00444740851316 -0.00459642920213 -0.00355105298711 -0.00128166616069 0.00101433354328 0.00317459377483 0.00437102071365 0.00477952859097
0.00128378436561 -0.00281434400493 -0.00335119213838 0.00268624349395 0.00447902567262 0.00374550448841 0.000363819341203 -0.00249851717376 -0.00454498175641 -0.00451132048979 -0.00330010939866 -0.000931625392337 0.00137061573101 0.00344641579008 0.00449012416805 0.00471364043217
0.00125794337659 -0.00283004189188 -0.00323607632483 0.00282961733348 0.00448121577376 0.00357730846342 0.000105611242141 -0.0027183472873 -0.0046239558731 -0.00440592854219 -0.00303450846411 -0.000578492231575 0.00171560851261 0.00369356213017 0.00457559309588 0.00461188797155
0.00123245655727 -0.00284405400298 -0.00312014544581 0.00296851879735 0.00447458161589 0.00340224426945 -0.000151372634211 -0.00292673194148 -0.00468417742079 -0.0042808988663 -0.0027557128047 -0.000224264277039 0.00204728839058 0.0039145802769 0.0046270719689 0.00447533222284
0.00120732352617 -0.00285641182576 -0.00300351765914 0.00310282274832 0.00445923002661 0.00322079839464 -0.000406396757992 -0.00312305450818 -0.0047255687578 -0.00413695909141 -0.00246523798194 0.000129072555964 0.00236373054163 0.00410820320011 0.00464445159147 0.00430529323118
0.00118254376814 -0.00286714724344 -0.00288630947171 0.00323241252819 0.00443528270994 0.00303346673223 -0.000658739379929 -0.0033067460568 -0.00474812752774 -0.00397491485935 -0.00216464438106 0.00047955491943 0.00266311957205 0.00427335602312 0.00462786767257 0.00410333767635
0.0011581166373 -0.00287629250147 -0.00276863564429 0.00335717998041 0.00440287578334 0.00284075325828 -0.000907694464025 -0.00347728675646 -0.00475192585182 -0.00379564541081 -0.00185552895687 0.000825252679918 0.00294375950324 0.00440916135835 0.00457769766913 0.00387126470511
0.00113404136011 -0.00288388017444 -0.0026506091003 0.00347702545878 0.00436215929348 0.00264316870894 -0.00115257354796 -0.00363420709143 -0.00473710923573 -0.00360009889141 -0.00153951688486 0.00116427927278 0.0032040829349 0.00451494329137 0.00449455593985 0.00361109011808
0.0011103170384 -0.00288994313336 -0.00253234083878 0.00359185782253 0.00431329671225 0.00244122926085 -0.00139270752664 -0.00377708888798 -0.00470389519902 -0.0033892874018 -0.00121825316042 0.0014948017093 0.0034426593393 0.00459023000115 0.004379287261 0.00332502904769
0.00108694265243 -0.00289451451343 -0.00241393985133 0.00370159441806 0.00425646441426 0.00223545521773 -0.00162744835474 -0.00390556615169 -0.004652571636 -0.003164281817 -0.000893394188915 0.00181505018514 0.00365820244517 0.00463475501298 0.00423295876619 0.00301547727401
0.001063917064 -0.00289762768219 -0.00229551304335 0.00380616104753 0.00419185113735 0.00202636970649 -0.00185617066418 -0.00401932571484 -0.00458349491784 -0.00292620640123 -0.000566599408672 0.00212332724149 0.00384957667661 0.0046484570898 0.0040568503831 0.002684991334
0.00104123901955 -0.00289931620816 -0.00217716515934 0.0039054919248 0.00411965742754 0.001814497386 -0.00207827329307 -0.00411810769402 -0.00449708774692 -0.00267623324451 -0.000239522988572 0.00241801643305 0.0040158026176 0.00463147877661 0.00385244384996 0.00233626758767
0.00101890715323 -0.00289961383002 -0.00205899871244 0.0039995296187 0.0040400950697 0.00160036317158 -0.00229318072271 -0.00420170575912 -0.00439383677493 -0.00241557654832 8.61943592556e-05 0.00269759046054 0.00415606147968 0.00458416362112 0.00362141040356 0.00197212041055
0.000996919990093 -0.00289855442625 -0.00194111391818 0.00408822498444 0.00395338650562 0.00138449097804 -0.00250034441984 -0.00426996721522 -0.00427428999716 -0.00214548678763 0.000408933411948 0.00296061872862 0.00426969855609 0.00450705210251 0.00336559723948 0.00159545968725
0.000975275949144 -0.00289617198535 -0.00182360863236 0.00417153708296 0.00385976424064 0.00116740248444 -0.00269924408137 -0.00432279289963 -0.00413905393628 -0.00186724477697 0.000727104275351 0.003205774294 0.00435622565244 0.00440087630807 0.00308701285249 0.00120926778396
0.000953973346524 -0.00289250057659 -0.00170657829321 0.00424943308913 0.00375947024055 0.000949615922951 -0.00288938877946 -0.00436013689695 -0.00398879062932 -0.00158215566823 0.00103915399344 0.00343184017195 0.00441532248989 0.00426655340558 0.00278781137214 0.000816576180473
0.000933010398619 -0.00288757432135 -0.00159011586764 0.00432188818872 0.00365275531998 0.000731644894794 -0.0030703180049 -0.00438200607572 -0.00382421443247 -0.00129154290781 0.00134357389247 0.0036377149737 0.00444683708325 0.00410517796633 0.0024702760144 0.000420441942513
0.000912385225194 -0.00288142736509 -0.00147431180174 0.00438888546486 0.00353987852382 0.000513997215604 -0.00324160260723 -0.00438845945054 -0.00364608865848 -0.000996742180679 0.00163890662622 0.00382241785101 0.00445078510271 0.00391801320092 0.00213680177517 2.39242150313e-05
0.000892095852514 -0.00287409384981 -0.00135925397538 0.00445041577417 0.00342110650304 0.00029717379271 -0.00340284563042 -0.00437960737441 -0.00345522206229 -0.00069909536855 0.00192375289076 0.00398509272833 0.00442734823365 0.00370648117636 0.00178987749544 -0.000369939085223
0.000872140216464 -0.00286560788732 -0.00124502766094 0.00450647761316 0.00329671288637 8.16675366122e-05 -0.00355368304308 -0.0043556105664 -0.00325246519072 -0.000399944548863 0.00219677777914 0.00412501180714 0.0043768715551 0.00347215208886 0.00143206743277 -0.000758154202673
0.000852516165662 -0.00285600353298 -0.0011317154861 0.00455707697513 0.00316697764909 -0.000132037691183 -0.00369378436263 -0.00431667898025 -0.00303870661224 -0.000100626060951 0.00245671674846 0.00424157833133 0.00429985996306 0.00321673267213 0.00106599246891 -0.00113779393093
0.000833221464548 -0.00284531476021 -0.00101939740072 0.00460222719822 0.00303218648045 -0.000343468091928 -0.00382285317329 -0.00426307051999 -0.00281486904352 0.000197535335062 0.00270238117429 0.00433432860654 0.00419697367025 0.00294205382586 0.000694311098863 -0.00150601929122
0.000814253796477 -0.00283357543556 -0.000908150647674 0.0046419488048 0.00289263015096 -0.000552160903113 -0.00394062753785 -0.00419508960928 -0.00258190538913 0.000493232181729 0.00293266346951 0.00440293327072 0.00406902281921 0.00265005755315 0.000319700328692 -0.00186010034369
0.000795610766784 -0.00282081929459 -0.000798049737682 0.00467626933287 0.0027486038809 -0.000757665329884 -0.00404688030363 -0.00411308562128 -0.00234079471135 0.000785179906112 0.00314654174739 0.00444719781713 0.00391696125056 0.00234278329927 -5.51633768439e-05 -0.00219743598213
0.000777289905834 -0.0028070799183 -0.000689166427992 0.00470522315983 0.00260040671137 -0.000959543432793 -0.00414141930348 -0.00401745117659 -0.00209253814668 0.00107212223689 0.00334308401086 0.00446706237546 0.00374187947273 0.00202235378706 -0.00042762296483 -0.00251557257208
0.000759288672055 -0.00279239071033 -0.000581569704944 0.00472885131899 0.00244834087898 -0.00115737097039 -0.00422408745257 -0.00390862031672 -0.00183815478595 0.00135283643474 0.00352145185303 0.00446260076021 0.00354499688389 0.00169096044641 -0.000795059351502 -0.00281222130231
0.000741604454947 -0.00277678487488 -0.000475325770288 0.00474720130945 0.00229271119567 -0.00135073819535 -0.00429476274264 -0.00378706656149 -0.00157867753468 0.00162613831502 0.0036809036561 0.0044340188 0.00332765330073 0.00135084853708 -0.00115490953877 -0.00308527413074
0.000724234578068 -0.00276029539525 -0.000370498031224 0.00476032689966 0.00213382443465 -0.00153925060285 -0.00435335813496 -0.00365330085831 -0.00131514897018 0.0018908870432 0.00382079727887 0.00438165196479 0.00309129985211 0.00100430206475 -0.00150468416686 -0.00333281821796
0.000707176301993 -0.00274295501322 -0.000267147094082 0.00476828792525 0.00197198872357 -0.00172252963035 -0.00439982135423 -0.00350786943215 -0.00104861721169 0.00214598968437 0.00394059222552 0.00430596231189 0.00283748929896 0.000653628590687 -0.00184198438531 -0.00355314875376
0.000690426827251 -0.00272479620902 -0.000165330761563 0.00477115008146 0.00180751294633 -0.00190021330761 -0.00443413458526 -0.00335135154492 -0.000780131819632 0.00239040549005 0.004039851291 0.00420753477509 0.00256786584451 0.000301144034843 -0.00216451793043 -0.0037447800954
0.000673983297225 -0.00270585118212 -6.51040334741e-05 0.00476898471074 0.00164070615418 -0.00207195685639 -0.0044563140751 -0.00318435717319 -0.0005107397396 0.00262314990638 0.00411824168119 0.00408707282442 0.00228415450107 -5.08424286905e-05 -0.0024701143044 -0.00390645514983
0.000657842801029 -0.00268615183271 3.34808891339e-05 0.00476186858594 0.00147187698756 -0.0022374332392 -0.00446640964315 -0.00300752461345 -0.000241481306357 0.00284329828957 0.00417553560843 0.00394539352743 0.00198815008174 -0.000400043286851 -0.00275673895822 -0.00403715294622
0.000642002376345 -0.00266572974391 0.000130374596502 0.00474988368958 0.00130133310935 -0.00239633365646 -0.0044645041022 -0.00282151802406 2.66136772985e-05 0.00304998931585 0.00421161036576 0.00378342204541 0.00168170588673 -0.00074420731848 -0.00302250638926 -0.00413609435913
0.000626459012237 -0.00264461616471 0.00022553045947 0.00473311698954 0.00112938065064 -0.00254836799201 -0.00445071259343 -0.00262702491321 0.00029252977252 0.00324242807481 0.00422644788561 0.00360218560111 0.00136672215506 -0.001081133849 -0.0032656920722 -0.00420274595729
0.000611209651919 -0.00262284199364 0.000318904615632 0.00471166021185 0.000956323669885 -0.00269326520652 -0.00442518183881 -0.00242475358232 0.000555269633502 0.00341988883629 0.00422013379133 0.00340280695657 0.00104513435292 -0.00140868654042 -0.00348474315165 -0.00423682196713
0.000596251195494 -0.00260043776317 0.000410455952446 0.00468560961074 0.000782463626254 -0.00283077367894 -0.00438808931437 -0.00221543053411 0.000813857620524 0.00358171748304 0.00419285595224 0.00318649744204 0.000718901370221 -0.00172480663216 -0.00367828783397 -0.00423828435466
0.000581580502651 -0.00257743362483 0.000500146087384 0.00465506573672 0.000608098868047 -0.00296066149595 -0.00433964234796 -0.00199979785475 0.00106734328445 0.00372733360244 0.00414490255521 0.00295454957902 0.000389993696547 -0.00202752555282 -0.00384514342562 -0.00420734104351
0.000567194395324 -0.0025538593351 0.000587939345227 0.00462013320278 0.000433524136844 -0.00308271668972 -0.00428007714548 -0.00177861057939 0.00131480471089 0.00385623223255 0.00407665970805 0.00270832934194 6.03816469757e-05 -0.00231497682774 -0.00398432297549 -0.00414444230051
0.000553089660314 -0.00252974424193 0.00067380273259 0.00458092044942 0.000259030088168 -0.00319674742426 -0.00420965774948 -0.00155263405019 0.00155535171294 0.00396798525926 0.00398860859206 0.00244926810462 -0.000267976292828 -0.00258540721295 -0.0040950404889 -0.00405027533406
0.000539263051867 -0.00250511727209 0.000757705909803 0.00453753950883 8.49028292574e-05 -0.00330258213082 -0.00412867493433 -0.00132264127594 0.00178812886216 0.0040622424628 0.00388132218312 0.00217885431853 -0.000593144934384 -0.00283718699151 -0.00417671469114 -0.00392575716318
0.000525711294206 -0.00248000691912 0.00083962116022 0.00449010576856 -8.85765254092e-05 -0.00340006959302 -0.00403744504218 -0.00108941030222 0.00201231834834 0.00413873221349 0.00375546156256 0.00189862497124 -0.000913223601063 -0.0030688193747 -0.00422897132912 -0.00377202582768
0.000512431084027 -0.0024544412321 0.000919523357087 0.00443873773524 -0.000261132280319 -0.00348907898232 -0.00393630876412 -0.000853721600794 0.00222714265921 0.00419726181833 0.00361177184078 0.00161015687333 -0.00122635702614 -0.00327894895684 -0.00425164400959 -0.00359043002166
0.000499419092949 -0.00242844780503 0.000997389928049 0.00438355679861 -0.000432494566338 -0.0035694998447 -0.00382562987093 -0.000616355486812 0.00243186707236 0.00423771752133 0.00345107771829 0.00131505782319 -0.00153074587267 -0.00346636917908 -0.00424477358325 -0.00338251724339
0.000486671969912 -0.00240205376694 0.00107320081743 0.00432468699634 -0.000602399728903 -0.00364124203948 -0.00370579389791 -0.000378089572045 0.0026258019522 0.00426006416198 0.00327427871014 0.00101495769844 -0.00182465681798 -0.00363002876468 -0.00420860609341 -0.0031500205649
0.000474186343539 -0.00237528577271 0.00114693844636 0.00426225477993 -0.000770590696572 -0.00370423563132 -0.00357720678857 -0.000139696262284 0.00280830484595 0.00426434449798 0.00308234406114 0.000711499523064 -0.00210643214711 -0.00376903709508 -0.00414358931825 -0.00289484413392
0.000461958824448 -0.00234816999454 0.00121858767089 0.00419638878221 -0.000936817329616 -0.00375843073651 -0.00344029350145 9.80596934034e-05 0.00297878237331 0.00425067819932 0.00287630738047 0.00040633055846 -0.00237449880444 -0.00388266850337 -0.00405036794498 -0.00261904752888
0.00044998600751 -0.00232073211408 0.00128813573815 0.00412721958654 -0.00110083674834 -0.00380379732481 -0.00329549658507 0.000334423594101 0.00313669190537 0.00421926052256 0.00265726102508 0.000101093466218 -0.00262737685598 -0.00397036546983 -0.00392977742318 -0.00232482909535
0.000438264474073 -0.00229299731528 0.00135557224076 0.00405487949838 -0.00126241364086 -0.00384032497815 -0.00314327472543 0.000568653112012 0.00328154302942 0.00417036067518 0.0024263502624 -0.000202582410834 -0.00286368731887 -0.00403174070799 -0.00378283655368 -0.00201450839832
0.000426790794122 -0.0022649902778 0.00142088906945 0.00397950231921 -0.00142132055023 -0.0038680226076 -0.00298410127084 0.000800020544214 0.0034128987969 0.00410431988108 0.00218476724328 -0.000503089603818 -0.00308215931912 -0.004066578144 -0.00361073887704 -0.00169050793002
0.000415561528406 -0.00223673517115 0.00148408036412 0.00390122312345 -0.00157733814068 -0.00388691813001 -0.00281846273859 0.00102781498476 0.00353037675285 0.00402154915979 0.00193374481676 -0.000798850865245 -0.00328163654274 -0.00407483279046 -0.00341484293366 -0.001355334217
0.000404573230501 -0.0022082556494 0.00154514246343 0.00382017803844 -0.00173025544285 -0.00389705810607 -0.00264685730826 0.00125134441112 0.00363364974601 0.00392252683251 0.00167455021868 -0.00108832726641 -0.00346108295039 -0.00405662952971 -0.00319666147459 -0.0010115584733
0.000393822448835 -0.00217957484657 0.00160407385297 0.00373650402788 -0.00187987007813 -0.00389850734121 -0.00246979330599 0.00146993767929 0.00372244651957 0.00380779576961 0.00140847866609 -0.00137002600432 -0.00361958772999 -0.00401226082532 -0.00295784970828 -0.000661796948246
0.000383305728655 -0.00215071537251 0.00166087511214 0.00365033867901 -0.0020259884619 -0.00389134845107 -0.00228778768452 0.00168294642236 0.00379655208349 0.00367796039485 0.00113684688966 -0.00164250787976 -0.00375636946686 -0.00394218338773 -0.00270019267453 -0.000308691118027
0.000373019613951 -0.00212169930956 0.00171554885986 0.00356181999379 -0.0021684259858 -0.00387568139339 -0.00210136450304 0.00188974684768 0.00385580787004 0.00353368346242 0.000860986636114 -0.00190439441048 -0.00387077951558 -0.00384701382664 -0.0024255918418 4.51121298522e-05
0.000362960649324 -0.00209254820957 0.00176809969927 0.00347108618427 -0.0023070071792 -0.003851622968 -0.00191105341162 0.00208974142836 0.00390011167518 0.00337568262385 0.000582238172345 -0.00215437454575 -0.00396230456284 -0.00372752332869 -0.00213605102837 0.000396980172145
0.000353125381805 -0.00206328309172 0.00181853416131 0.00337827547252 -0.00244156584982 -0.00381930628673 -0.00171738814417 0.0022823604849 0.00392941738896 0.00320472680242 0.000301943822552 -0.00239121095127 -0.00403056837529 -0.0035846314047 -0.00183366175146 0.000744314040632
0.000343510362625 -0.0020339244407 0.00186686064761 0.0032835258952 -0.00257194520379 -0.0037788802152 -0.00152090502423 0.00246706365377 0.00394373451921 0.00302163239306 2.14415690167e-05 -0.00261374583594 -0.0040753327313 -0.00341939875639 -0.00152058811112 0.00108456738708
0.000334112148933 -0.00200449220554 0.00191308937246 0.00318697511308 -0.00269799794535 -0.00373050878835 -0.00132214148757 0.00264334123953 0.00394312751316 0.00282725930666 -0.000257941253467 -0.00282090629497 -0.00409649754052 -0.00323301931732 -0.0011990513179 0.001415264886
0.000324927305465 -0.00197500579897 0.00195723230421 0.00308876022567 -0.00281958635641 -0.00367437060159 -0.00112163462557 0.00281071544816 0.00392771488266 0.0026225068778 -0.000534894140431 -0.00301170914673 -0.00409410015944 -0.00302681152765 -0.000871313974311 0.00173401994448
0.000315952406159 -0.00194548409722 0.00199930310603 0.00298901759115 -0.00293658235625 -0.00361065817962 -0.00091991975311 0.00296874149918 0.00389766813903 0.00240830965521 -0.000808129449737 -0.00318526524357 -0.00406831391633 -0.0028022089062 -0.00053966422079 0.00203855159491
0.000307184035725 -0.00191594544042 0.00203931707622 0.00288788265176 -0.00304886754173 -0.00353957732479 -0.000717529004574 0.00311700861507 0.0038532105446 0.0021856330947 -0.00107638825576 -0.00334078324005 -0.00401944586285 -0.00256074998743 -0.000206399856442 0.00232670045375
0.000298618791157 -0.00188640763343 0.00207729108814 0.00278548976481 -0.00315633320826 -0.00346134644707 -0.000514989961542 0.00325514088649 0.0037946156881 0.00195546917433 -0.00133844599999 -0.00347757280523 -0.00394793377427 -0.0023040676938 0.000126187456186 0.00259644363783
0.000290253283204 -0.0018568879471 0.00211324352982 0.00268197203944 -0.00325888035211 -0.00337619587751 -0.000312824315405 0.00338279801262 0.00372220589214 0.00171883195143 -0.00159311791365 -0.00359504726851 -0.00385434242434 -0.00203387821717 0.000455827794865 0.00284590853828
0.000282084137783 -0.00182740312011 0.0021471942434 0.00257746117931 -0.00335641965425 -0.00328436716727 -0.000111546568097 0.00349967591613 0.00363635046105 0.00147675308153 -0.00183926418938 -0.00369272569194 -0.00373935916456 -0.00175196948458 0.000780288285045 0.00307338536215
0.000274107997349 -0.00179796936113 0.00217916446439 0.00247208733126 -0.00344887144633 -0.00318611237416 8.83372260844e-05 0.0036055072329 0.00353746377827 0.00123027731856 -0.00207579488047 -0.00377023436496 -0.00360378884155 -0.00146018928622 0.00109738800914 0.0032773383613
0.000266321522208 -0.00176860235147 0.00220917676096 0.00236597894003 -0.00353616565921 -0.00308169333857 0.000286330674761 0.00370006167678 0.00342600326255 0.000980458015854 -0.00230167450786 -0.00382730772063 -0.00344854808946 -0.00116043314392 0.00140501241989 0.00345641567928
0.000258721391789 -0.00173931724813 0.00223725497326 0.00225926260928 -0.0036182417546 -0.00297138095087 0.000481948215248 0.00378314628042 0.00330246719276 0.000728352647054 -0.00251592635682 -0.00386378867559 -0.00327465903762 -0.000854631999705 0.00170112716455 0.00360945775744
0.000251304305864 -0.00171012868726 0.00226342415282 0.00215206296874 -0.00369504864023 -0.00285545441218 0.000674716233382 0.00385460551337 0.0031673924116 0.000475018365687 -0.00271763644678 -0.00387962839883 -0.0030832424766 -0.00054473980394 0.00198379123165 0.00373550425308
0.000244066985716 -0.00168105078796 0.00228771050226 0.00204450254777 -0.00376654456922 -0.00273420049031 0.000864174131157 0.00391432127906 0.00302135191841 0.000221507621627 -0.00290595715978 -0.00387488551764 -0.00287551052823 -0.000232721082269 0.00225116933774 0.00383379943362
0.000237006175266 -0.00165209715648 0.00231014131514 0.00193670165522 -0.00383269702413 -0.00260791277284 0.00104987534112 0.00396221279272 0.00286495236197 -3.11361477175e-05 -0.0030801105148 -0.00384972477156 -0.00265275886777 7.94614401633e-05 0.00250154347777 0.00390379602276
0.000230118642148 -0.0016232808908 0.00233074491631 0.00182877826578 -0.00389348258632 -0.00247689091919 0.00123138828569 0.00399823634264 0.00269883144408 -0.000281882734349 -0.00323939107705 -0.00380441512822 -0.0024163585481 0.000389859080102 0.00273332356918 0.00394515748585
0.00022340117874 -0.00159461458549 0.00234955060259 0.00172084791261 -0.00394888679122 -0.00234143991337 0.00140829727971 0.00402238493754 0.00252365524495 -0.000529719268233 -0.00338316849322 -0.00373932737774 -0.00216774747761 0.000696549227808 0.00294505712695 0.00395775875369
0.000216850603147 -0.00156611033688 0.00236658858396 0.00161302358657 -0.00399890397013 -0.00220186931933 0.00158020337481 0.00403468784298 0.00234011548163 -0.000773654201669 -0.00351088964568 -0.00365493122424 -0.0019084216049 0.000997647095784 0.00313543791393 0.00394168539508
0.000210463760134 -0.00153777974863 0.00238188992533 0.00150541564172 -0.00404353707919 -0.00205849254046 0.0017467251443 0.00403521001041 0.00214892671067 -0.00101272115443 -0.00362208042049 -0.00355179189635 -0.00163992586426 0.00129131711415 0.00330331351876 0.00389723126008
0.000204237522028 -0.0015096339375 0.00239548648889 0.00139813170735 -0.00408279751609 -0.001911626085 0.00190749940752 0.00402405140228 0.0019508234862 -0.00124598260553 -0.00371634708583 -0.00343056630001 -0.00136384493651 0.00157578390522 0.00344769182117 0.00382489462656
0.000198168789557 -0.00148168353943 0.00240741087722 0.00129127660634 -0.00411670492534 -0.00176158883901 0.00206218189284 0.00400134621736 0.0017465574848 -0.00147253341819 -0.00379337727979 -0.00329199873951 -0.00108179388109 0.00184934277343 0.00356774631276 0.00372537289349
0.00019225449266 -0.0014539387159 0.00241769637702 0.00118495227991 -0.00414528699261 -0.00160870134829 0.00221044783853 0.00396726202047 0.00153689460821 -0.00169150418577 -0.00385294060782 -0.00313691623422 -0.000795408693038 0.00211036965042 0.00366282024928 0.00359955587446
0.000186491591245 -0.00142640916048 0.00242637690372 0.00107925771864 -0.00416857922882 -0.00145328511097 0.00235199253115 0.00392199878086 0.00132261207492 -0.00190206438702 -0.00389488885229 -0.00296622346056 -0.00050633684131 0.00235733043933 0.00373242961894 0.00344851775451
0.000180877075907 -0.00139910410568 0.00243348694689 0.000974288899786 -0.0041866247448 -0.00129566188204 0.00248653178104 0.00386578782426 0.0011044955117 -0.0021034253404 -0.00391915579848 -0.00278089735018 -0.000216227841777 0.00258878970682 0.00377626491917 0.00327350778259
0.000175407968608 -0.00137203232998 0.00243906151655 0.000870138730788 -0.00419947401698 -0.00113615299125 0.00261380233498 0.00379889070308 0.000883336055584 -0.00229484294785 -0.0039257566828 -0.00258198137648 7.32760814964e-05 0.00280341867596 0.00379419174258 0.00307593978013
0.00017008132331 -0.00134520216507 0.00244313609043 0.000766896998836 -0.00420718464503 -0.000975078675711 0.00273356222587 0.00372159799017 0.000659927476989 -0.00247562021969 -0.00391478727091 -0.00237057956327 0.000360549194493 0.00300000247819 0.00378625018095 0.00285738055424
0.000164894226568 -0.00131862150327 0.00244574656218 0.000664650326536 -0.00420982110188 -0.000812757428481 0.00284559105994 0.00363422800106 0.000435063334121 -0.00264510957345 -0.00388642257507 -0.00214785024981 0.000643991260347 0.00317744662754 0.00375265306395 0.00261953731076
0.000159843798091 -0.00129229780519 0.00244692919062 0.000563482133481 -0.00420745447697 -0.00064950536416 0.0029496902417 0.00353712545017 0.000209534168603 -0.00280271490004 -0.00384091522162 -0.00191499964776 0.000922036306382 0.00333478268585 0.00369378305687 0.00236424416877
0.000154927191254 -0.00126623810742 0.00244672055005 0.00046347260367 -0.00420016221342 -0.000485635602786 0.00304568313743 0.0034306600464 -1.5875248016e-05 -0.00294789339244 -0.00377859348074 -0.00167327522578 0.00119316110415 0.00347117309284 0.00361018864914 0.0020934478836
0.000150141593578 -0.00124044903051 0.00244515748162 0.00036469865867 -0.00418802783959 -0.000321457672953 0.0031334151778 0.00331522503372 -0.000240388607641 -0.0030801571326 -0.00369985897239 -0.00142395895814 0.00145589331784 0.0035859151407 0.0035025790726 0.00180919288967
0.00014548422717 -0.00121493678705 0.00244227704586 0.000267233936388 -0.00417114069595 -0.000157276935156 0.00321275390068 0.00319123568219 -0.000463240690029 -0.00319907443356 -0.00360518406351 -0.00116836047384 0.00170881927879 0.00367844407825 0.00337181819509 0.00151360577851
0.00014095234913 -0.00118970718975 0.00243811647637 0.000171148775346 -0.00414959565777 6.60597374733e-06 0.00328358893516 0.00305912773536 -0.000683679909737 -0.00330427093496 -0.00349510897261 -0.000907810142694 0.00195059134675 0.00374833533546 0.00321891744135 0.00120887932977
0.000136543251919 -0.00116476565986 0.00243271313465 7.65102043318e-05 -0.0041234928542 0.000169895674149 0.00334583192794 0.00291935581954 -0.000900970777612 -0.00339543045098 -0.00337023859926 -0.000643652134747 0.00217993482111 0.00379530586453 0.00304502779913 0.00089725621526
0.000132254263689 -0.00114011723547 0.00242610446618 -1.6618062713e-05 -0.00409293738468 0.000332302554612 0.00339941641359 0.00277239182076 -0.00111439626927 -0.0034722955709 -0.00323123909697 -0.000377237488943 0.00239565436863 0.0038192145994 0.00285143097397 0.000581012496789
0.000128082748591 -0.00111576658001 0.00241832795766 -0.000108175626708 -0.00405803903294 0.00049354325945 0.00344429763004 0.00261872323513 -0.00132326009346 -0.00353466801358 -0.00307883420862 -0.000109917226406 0.00259663993723 0.00382006204095 0.00263952976084 0.000262441038776
0.000124026107035 -0.00109171799084 0.00240942109563 -0.000198105398485 -0.00401891197944 0.000653341152342 0.00348045228094 0.00245885149828 -0.0015268888538 -0.00358240873805 -0.00291380138485 0.000156964456974 0.0027818721288 0.0037979889804 0.0024108377055 -5.61650440448e-05
0.000120081775926 -0.00106797540782 0.0023994213262 -0.000286353589037 -0.00397567451285 0.000811426755476 0.00350787824667 0.00229329029951 -0.00172463409771 -0.00361543781332 -0.00273696770608 0.000422076884936 0.00295042700744 0.00375327437875 0.00216696813218 -0.000372528785305
0.000116247228866 -0.00104454242201 0.00238836601614 -0.000372869695109 -0.003928448741 0.000967538163758 0.00352659424578 0.00212256388627 -0.00191587424714 -0.0036337340518 -0.00254920562978 0.000684109449519 0.00310148032286 0.00368633242489 0.00190962261754 -0.000684405495912
0.000112519976331 -0.00102142228436 0.0023762924153 -0.00045760648028 -0.00387736030206 0.00112142143369 0.00353663944875 0.00194720536449 -0.00210001640597 -0.00363733441117 -0.00235142858481 0.000941777982547 0.00323431113258 0.00359770879995 0.00164057899364 -0.000989598510332
0.000108897565804 -0.000998617914483 0.00236323762023 -0.000540519951723 -0.00382253807638 0.00127283094666 0.00353807304629 0.00176775500004 -0.00227649803972 -0.00362633317086 -0.00214458643524 0.00119383091984 0.00334830480991 0.00348807617981 0.00136167896472 -0.00128597444145
0.000105377581896 -0.00097613190937 0.00234923853918 -0.000621569332768 -0.0037641138996 0.00142152974628 0.00353097377396 0.00158475852686 -0.0024447885236 -0.00360088088975 -0.00192966083625 0.00143905522951 0.00344295542837 0.00335822901229 0.00107481542419 -0.00157147784002
0.000101957646428 -0.000953966552209 0.00233433185844 -0.000700717031463 -0.00370222227757 0.00156728984981 0.00351543939569 0.00139876546662 -0.0026043905556 -0.00356118315286 -0.0017076605047 0.00167628207743 0.00351786751707 0.00320907760917 0.000781919559235 -0.0018441451601
9.86354184851e-05 -0.000932123821136 0.0023185540099 -0.000777928605288 -0.00363700010344 0.00170989253328 0.00349158614806 0.00121032746521 -0.00275484143178 -0.0035074991152 -0.00147961642737 0.00190439220455 0.00357275718483 0.00304164159704 0.000484947830594 -0.00210211793813
9.54085944532e-05 -0.000910605398007 0.00230194114004 -0.000853172722193 -0.00356858637767 0.00184912859059 0.00345954814797 0.00101999665079 -0.00289571418164 -0.00344013985194 -0.00124657702936 0.0021223209927 0.00360745261472 0.00285704277444 0.000185868915103 -0.00234365509995
9.22749080197e-05 -0.000889412677143 0.00228452908018 -0.000926421118126 -0.00349712193116 0.00198479856629 0.00341947676588 0.000828324018089 -0.00302661856174 -0.00335946652453 -0.00100960332528 0.00232906319748 0.003621893934 0.00265649742562 -0.000113349302463 -0.00256714431724
8.92321301556e-05 -0.000868546774059 0.00226635331805 -0.000997648551234 -0.00342274915213 0.00211671296241 0.00337153996707 0.000635857843562 -0.00314720190653 -0.003265888373 -0.000769764075478 0.0025236773286 0.00361613246802 0.00244130814402 -0.000410752602975 -0.00277111234263
8.62780690714e-05 -0.000848008534145 0.00224744897071 -0.0010668327529 -0.00334561171712 0.00224469241934 0.00331592162335 0.000443142135648 -0.00325714983586 -0.00315986054529 -0.000528130969243 0.00270528966055 0.00359032938984 0.00221285522071 -0.000704413088663 -0.00295423426099
