0.0 0.0 0.0 0.0 0.0 0.0 0.0 0.0 0.0 0.0 0.0 0.0 0.0
0.0 0.0 0.0 0.0 0.0 0.0 0.0 0.0 0.0 0.0 0.0 0.0 0.0
0.000760714828235 0.00456330652207 0.0334518057323 0.419549208704 6.5280482003 133.074805498 3146.75593302 89092.8887422 2823735.11514 102411131.033 4068279254.06 179966501632.0 8.59276054468e+12
0.000760438536673 0.00455943924306 0.0333954711531 0.418575290041 6.50766272073 132.571507981 3132.37878056 88626.1311973 2806743.84969 101725575.797 4037902687.6 178500094134.0 8.51614304866e+12
0.000760070304015 0.0045542863043 0.0333204351389 0.417278584612 6.48053203198 131.901957831 3113.26048993 88005.7131224 2784168.44704 100815099.889 3997577092.56 176554229646.0 8.41451780573e+12
0.000759610263935 0.00454785064498 0.0332267633722 0.415660677041 6.44669883127 131.067447779 3089.44481487 87233.2773778 2756076.80415 99682769.5707 3947452799.65 174136863536.0 8.28833691281e+12
0.000759058583369 0.0045401359345 0.0331145378182 0.413723543765 6.40621634347 130.069588365 3060.98623378 86310.8683023 2722553.36005 98332395.8631 3887716540.34 171257871489.0 8.1381612565e+12
0.000758415462422 0.00453114656946 0.032983856634 0.411469550145 6.3591482236 128.910304381 3027.94980824 85240.9255979 2683698.80993 96768520.1316 3818590666.65 167929004315.0 7.96465772289e+12
0.000757681134241 0.00452088767009 0.0328348340583 0.408901447018 6.30556844054 127.591830619 2990.41101389 84026.2770369 2639629.76442 94996396.9247 3740332222.55 164163834205.0 7.76859588184e+12
0.000756855864878 0.00450936507597 0.0326676002847 0.406022366685 6.24556114174 126.116706928 2948.45554451 82670.1300113 2590478.35527 93021974.1253 3653231871.12 159977692690.0 7.55084416339e+12
0.000755939953125 0.00449658534124 0.0324823013162 0.40283581834 6.17922049951 124.487772613 2902.17908958 81176.0619551 2536391.78869 90851870.4981 3557612682.26 155387600619.0 7.31236554621e+12
0.000754933730341 0.00448255572922 0.032279098803 0.399345682965 6.1066505391 122.708160164 2851.68708612 79548.0096672 2477531.84822 88493350.7236 3453828786.23 150412190475.0 7.05421278098e+12
0.000753837560244 0.00446728420645 0.0320581698621 0.395556207673 6.02796494889 120.781288356 2797.09444541 77790.2575714 2414074.3487 85954298.018 3342263899.12 145071621426.0 6.77752317378e+12
0.000752651838697 0.0044507794361 0.031819706881 0.391471999536 5.94328687312 118.71085471 2738.52525543 75907.4249506 2346208.5435 83243184.4504 3223329726.73 139387487507.0 6.48351295685e+12
0.000751376993468 0.0044330507709 0.0315639173035 0.387098018884 5.85274868757 116.500827357 2676.11245977 73904.4521948 2274136.48692 80369039.0752 3097464253.84 133382719390.0 6.17347127638e+12
0.000750013483974 0.00441410824549 0.0312910233998 0.382439572108 5.75649175868 114.155436309 2609.99751401 71786.5861099 2198072.35441 77341414.0096 2965129926.69 127081480204.0 5.84875382886e+12
0.000748561801004 0.00439396256813 0.0310012620201 0.377502303961 5.65466618651 111.679164169 2540.33002043 69559.3643307 2118241.72265 74170348.5904 2826811736.38 120509055922.0 5.51077617935e+12
0.000747022466425 0.00437262511203 0.0306948843325 0.372292189378 5.54743053217 109.076736289 2467.2673422 67228.5988914 2034880.81241 70866331.7548 2683015211.92 113691740832.0 5.1610067966e+12
0.000745396032868 0.00435010790601 0.0303721555449 0.366815524834 5.43495153021 106.353110414 2390.97419796 64800.3590037 1948235.69678 67440262.7961 2534264331.65 106656718653.0 4.80095984165e+12
0.000743683083399 0.0043264236247 0.0300333546127 0.361078919241 5.31740378651 103.513465828 2311.6222381 62280.9530986 1858561.47758 63903410.6502 2381099362.3 99431939863.6 4.43218774734e+12
0.000741884231171 0.00430158557823 0.0296787739308 0.355089284412 5.19496946247 100.563192031 2229.38960381 59676.9101888 1766121.433 60267371.8763 2224074635.11 92045995836.8 4.05627362755e+12
0.000740000119058 0.0042756077014 0.029308719012 0.348853825097 5.06783794585 97.5078769771 2144.46047017 56994.9606117 1671186.13947 56544027.4996 2063756268.89 84527990376.9 3.67482355578e+12
0.00073803141927 0.00424850454236 0.0289235081512 0.342380028623 4.93620550918 94.3532948884 2057.02457453 54242.0162126 1574032.57091 52745498.887 1900719849.93 76907409285.8 3.28945875298e+12
0.000735978832955 0.00422029125084 0.0285234720761 0.335675654133 4.80027495632 91.1053936967 1967.27673152 51425.1500336 1474943.17857 48884102.8319 1735548078.99 69213988574.2 2.90180772544e+12
0.000733843089785 0.00419098356589 0.0281089535849 0.32874872146 4.66025525785 87.7702821223 1875.416336 48551.5755695 1374204.95482 44972306.0265 1568828395.52 61477581949.6 2.51349839313e+12
0.00073162494752 0.00416059780319 0.0276803071719 0.321607499653 4.51636117606 84.3542164309 1781.6468554 45628.6256595 1272108.48406 41022679.1013 1401150589.7 53728028211.8 2.12615024945e+12
0.000729325191561 0.00412915084187 0.0272378986405 0.314260495158 4.36881288038 80.8635868979 1686.17531274 42663.7310784 1168946.98433 37047850.4138 1233104412.41 45995019186.6 1.7413665925e+12
0.000726944634489 0.00409666011098 0.0267821047054 0.306716439698 4.2178355538 77.3049040121 1589.21176185 39664.3988976 1065015.34284 33060459.7691 1065277193.78 38307968822.7 1.36072686791e+12
0.000724484115585 0.00406314357552 0.026313312583 0.298984277845 4.06365899133 73.6847844522 1490.96875621 36638.190681 960609.148957 29073112.2534 898251480.436 30695884071.0 985779162475.0
0.000721944500335 0.00402861972203 0.0258319195721 0.291073154331 3.90651719106 70.0099368673 1391.66081285 33592.7005873 856023.727987 25098332.3627 732602701.728 23187238153.8 618032886640.0
0.000719326679927 0.00399310754387 0.0253383326245 0.282992401097 3.74664793883 66.2871474984 1291.50387283 30535.5334446 751553.179185 21148518.6058 568896874.969 15809846819.4 258951683334.0
0.000716631570726 0.00395662652607 0.0248329679062 0.274751524111 3.58429238716 62.5232656709 1190.71475968 27474.2828675 647489.42137 17235898.7576 407688359.528 8590748159.2 -90053401253.9
0.000713860113744 0.0039191966299 0.0243162503496 0.266360189982 3.41969462946 58.725189195 1089.5106374 24416.5094835 544121.249489 13372485.9387 249517669.356 1556086548.89 -427630450453.0
0.000711013274089 0.00388083827703 0.0237886131984 0.257828212374 3.25310127016 54.899849707 988.108469377 21369.719338 441733.405396 9570035.68921 94909353.2698 -5268998751.72 -752492880818.0
0.000708092040407 0.00384157233344 0.0232504975439 0.249165538264 3.08476099178 51.0541979858 886.724479818 18341.3425424 340605.666102 5840004.20338 -55630048.0549 -11860479825.0 -1.06342528592e+12
0.000705097424309 0.00380142009299 0.0227023518552 0.240382234049 2.91492411964 47.1951892786 785.573618988 15338.7122331 241011.952638 2193507.88563 -201613959.769 -18195540663.1 -1.35928889143e+12
0.00070203045979 0.00376040326068 0.0221446315025 0.231488471528 2.7438421852 43.3297686706 684.869033845 12369.0439051 143219.462599 -1358715.61875 -342577637.027 -24252671620.2 -1.63902659484e+12
0.000698892202633 0.00371854393573 0.0215777982746 0.222494513795 2.57176748882 39.4648565319 584.821545408 9439.41518276 47487.8293572 -4806344.76932 -478079927.907 -30011757323.3 -1.90166756547e+12
0.000695683729805 0.00367586459434 0.021002319892 0.213410701042 2.39895266268 35.6073340748 485.639134282 6556.74609121 -45931.6892125 -8139509.7123 -607704927.816 -35454157651.3 -2.14633138282e+12
0.00069240613884 0.00363238807221 0.0204186695148 0.204247436311 2.22565023493 31.7640290554 387.526435699 3727.77988566 -136796.989718 -11348825.9651 -731063518.617 -40562781425.1 -2.37223169402e+12
0.000689060547217 0.0035881375469 0.0198273252467 0.195015171222 2.05211219573 27.9417016523 290.684245419 959.064498078 -224875.867345 -14425426.0787 -847794786.269 -45322152489.0 -2.57867937334e+12
0.000685648091722 0.00354313651994 0.0192287696363 0.185724391677 1.87858956607 24.1470305526 195.309037782 -1743.06534386 -309946.722566 -17360989.161 -957567311.336 -49718467904.3 -2.76508517002e+12
0.000682169927811 0.0034974087988 0.0186234891753 0.176385603587 1.70533197022 20.3865992797 101.592497191 -4372.50527252 -391799.228122 -20147768.1552 -1060080327.29 -53739648010.7 -2.93096183302e+12
0.000678627228956 0.00345097847867 0.0180119737952 0.167009318631 1.53258721255 16.6668827906 9.72106422165 -6923.39766002 -470234.954093 -22778614.7732 -1155064742.18 -57375378159.5 -3.07592570415e+12
0.000675021185985 0.00340386992411 0.0173947163618 0.157606040071 1.36060085961 12.9942343754 -80.1245024529 -9390.14717409 -545067.949036 -25247001.9992 -1242284019.85 -60617141954.6 -3.19969777421e+12
0.00067135300642 0.00335610775059 0.01677221217 0.148186248647 1.18961582819 9.37487288578 -167.769547195 -11767.4354649 -616125.275314 -27547044.0826 -1321534917.53 -63458245889.7 -3.30210419928e+12
0.000667623913806 0.00330771680588 0.0161449584379 0.138760388573 1.01987198016 5.81487032228 -253.045920539 -14050.2349413 -683247.496958 -29673513.9554 -1392648077.23 -65893835303.5 -3.38307627748e+12
0.000663835147028 0.00325872215138 0.0155134538014 0.129338853656 0.851605724852 2.3201398069 -335.792363303 -16233.8215967 -746289.118532 -31621858.0176 -1455488469.21 -67920901624.8 -3.44264988906e+12
0.00065998795963 0.00320914904341 0.0148781978103 0.119931973555 0.685049629624 -1.10357603267 -415.854870713 -18313.7868498 -805118.973705 -33388208.2429 -1509955686.22 -69538280917.4 -3.480964406e+12
0.00065608361913 0.00315902291438 0.0142396904258 0.11055000021 0.520432039504 -4.45071624224 -493.087035663 -20286.0483673 -859620.56238 -34969391.5731 -1555984088.02 -70746643779.7 -3.49826107951e+12
0.00065212340632 0.00310836935395 0.0135984315206 0.10120309445 0.357976706424 -7.71591225977 -567.350370247 -22146.8598396 -909692.335454 -36362936.5762 -1593542796.46 -71548476694.8 -3.49488091716e+12
0.000648108614574 0.00305721409024 0.012954920382 0.0919013128096 0.197902428809 -10.8939981508 -638.514604825 -23892.8196844 -955247.926459 -37567077.3568 -1622635541.77 -71948054970.2 -3.47126206346e+12
0.000644040549148 0.00300558297094 0.0123096552183 0.0826545945673 0.0404227021402 -13.9800203396 -706.457963899 -25520.8786563 -996216.32954 -38580754.7171 -1643300361.71 -71951407443.2 -3.42793670077e+12
0.000639920526471 0.00295350194448 0.0116631326697 0.0734727490283 -0.114254618885 -16.9692468154 -771.067418166 -27028.3463441 -1032542.02342 -39403614.5802 -1655609155.63 -71566273172.0 -3.3655274896e+12
0.000635749873448 0.00290099704127 0.0110158473237 0.064365443069 -0.265927646011 -19.857175796 -832.238912207 -28412.8965406 -1064185.04121 -40036003.6958 -1659667096.26 -70802050367.3 -3.28474356978e+12
0.000631529926742 0.00284809435497 0.0103682912357 0.0553421889609 -0.41440077033 -22.6395438303 -889.877567285 -29672.5714758 -1091120.98608 -40478962.6614 -1655611902.66 -69669737857.2 -3.18637614623e+12
0.000627262032076 0.00279482002379 0.00972095345614 0.046412332492 -0.559484961902 -25.312333325 -943.897858868 -30805.7849046 -1113340.99309 -40734216.3014 -1643612978.31 -68181869413.1 -3.0712936852e+12
0.000622947543514 0.00274120021197 0.00907431956287 0.0375850414023 -0.700998055594 -27.8717794812 -994.223768506 -31811.3240467 -1130851.63758 -40804161.4579 -1623870418.96 -66352441299.3 -2.9404367487e+12
0.000618587822757 0.00268726109127 0.00842887120158 0.0288692941491 -0.838765022647 -30.3143766262 -1040.7889098 -32688.3503781 -1143674.79071 -40691852.2573 -1596613895.31 -64196833435.6 -2.79481249655e+12
0.000614184238432 0.00263302882266 0.0077850856331 0.0202738690188 -0.97261822755 -32.6368839324 -1083.53662829 -33436.3992804 -1151847.42312 -40400982.9255 -1562101416.41 -61731724598.1 -2.63548888736e+12
0.000609738165381 0.00257852953811 0.00714343528876 0.0118073335984 -1.1023976698 -34.8363305107 -1122.42007504 -34055.3785519 -1155421.35751 -39935868.2362 -1520617979.76 -58975002103.8 -2.46358861087e+12
0.000605250983955 0.00252378932255 0.00650438733429 0.00347803462267 -1.22795121016 -36.9100198718 -1157.40225408 -34545.5657963 -1154462.97148 -39301421.6827 -1472474114.88 -55945666453.4 -2.28028278548e+12
0.000600724079308 0.00246883419597 0.0058684032426 -0.00470591179105 -1.34913478112 -38.8555337483 -1188.45604346 -34907.6046997 -1149052.85195 -38503131.4769 -1418004327.42 -52663731427.9 -2.08678445585e+12
0.000596158840691 0.00241369009576 0.00523593837594 -0.0127366295069 -1.46581258118 -40.6707352726 -1215.56419022 -35142.5002178 -1139285.40265 -37547034.4826 -1357565451.43 -49150120151.9 -1.88434192628e+12
0.000591556660756 0.00235838285923 0.00460744157797 -0.0206064913215 -1.57785725276 -42.3537715075 -1238.71927942 -35251.6126929 -1125268.40642 -36439688.2011 -1291534917.48 -45426557656.0 -1.67423196627e+12
0.000586918934854 0.00230293820633 0.00398335477606 -0.0283081274915 -1.68515004345 -43.9030753275 -1257.92367739 -35236.6509263 -1107122.5441 -35188140.9342 -1220308944.99 -41515460484.1 -1.45775292495e+12
0.000582247060341 0.00224738172262 0.00336411259425 -0.035834433826 -1.78758095037 -45.31736665 -1273.18944953 -35099.6642353 -1084980.87213 -33799900.2538 -1144300667.25 -37439823899.8 -1.23621779174e+12
0.000577542435891 0.0021917388425 0.00275014197736 -0.0431785793354 -1.88504884762 -46.595653019 -1284.53825321 -34843.0335256 -1058988.26084 -32282899.9174 -1063938197.81 -33223107259.4 -1.01094724007e+12
0.000572806460809 0.00213603483264 0.00214186182653 -0.0503340134273 -1.97746159644 -47.737229543 -1292.00120597 -34469.4614131 -1029300.79577 -30645465.37 -979662647.312 -28889118119.6 -783262691334.0
0.00056804053435 0.00208029477581 0.00153968264654 -0.0572944726422 -2.06473613826 -48.741678192 -1295.61872974 -33981.961434 -996085.144433 -28896277.982 -891926099.78 -24461895653.9 -554479435718.0
0.000563246055047 0.00202454355484 0.000944006205379 -0.0640539869205 -2.14679857037 -49.6088664595 -1295.44037156 -33383.846381 -959517.890919 -27044338.1724 -801189557.701 -19965593949.2 -325899845822.0
0.00055842442004 0.00196880583698 0.000355225206176 -0.070606885396 -2.2235842043 -50.3389453974 -1291.52460151 -32678.7158108 -919784.841055 -25098927.5749 -707920865.191 -15424365752.6 -98806718581.6
0.000553577024417 0.00191310605858 -0.000226277027973 -0.07694780171 -2.29503760685 -50.9323470318 -1283.93858853 -31870.442765 -877080.300687 -23069570.4032 -612592618.628 -10862247231.3 125543220188.0
0.000548705260555 0.00185746841004 -0.00080012685619 -0.0830716788409 -2.3611126239 -51.3897811707 -1272.75795483 -30963.1597547 -831606.329944 -20965994.1773 -515680074.112 -6303044299.63 345925615323.0
0.000543810517474 0.00180191682109 -0.00136596060864 -0.0889737734458 -2.42177238704 -51.7122316154 -1258.06650989 -29961.2440551 -783571.976262 -18798089.971 -417659061.065 -1770221056.37 561154553898.0
0.0005388941802 0.00174647494652 -0.00192342486182 -0.0946496597122 -2.47698930307 -51.9009517882 -1239.95596469 -28869.3023638 -733192.489094 -16575872.3454 -319003911.197 2713209138.9 770088378335.0
0.000533957629125 0.00169116615212 -0.00247217670001 -0.100095232716 -2.52674502661 -51.9574597915 -1218.5256273 -27692.1548743 -680688.519233 -14309439.1299 -220185411.929 7124789439.1 971635212085.0
0.000529002239392 0.00163601350112 -0.00301188396278 -0.105306711285 -2.57103041605 -51.8835329128 -1193.88208064 -26434.8188193 -626285.305728 -12008931.2132 -121668793.19 11442721639.5 1.1647581707e+12
0.000524029380274 0.00158103974091 -0.00354222547832 -0.11028064037 -2.60984547285 -51.6812015946 -1166.13884353 -25102.4915402 -570211.853394 -9684492.50605 -23911756.2841 15645964193.6 1.34848023302e+12
0.000519040414572 0.00152626729018 -0.00406289128242 -0.115013892922 -2.64319926466 -51.352742885 -1135.41601602 -23700.5331387 -512700.103939 -7346230.23554 72637446.7094 19714325666.8 1.52188874921e+12
0.000514036698016 0.0014717182265 -0.00457358282301 -0.11950367127 -2.67110983242 -50.9006733892 -1101.83991011 -22234.4487692 -453984.103712 -5004175.72632 167541874.854 23628553208.1 1.68413956448e+12
0.000509019578682 0.0014174142742 -0.00507401315009 -0.12374750802 -2.69360408176 -50.327741743 -1065.542667 -20709.8706304 -394299.171089 -2668245.82422 260377693.744 27370415644.6 1.8344607397e+12
0.000503990396414 0.0013633767928 -0.005563907091 -0.127743266457 -2.71071765908 -49.6369206275 -1026.66186193 -19132.5397147 -333881.066483 -348205.111267 350735896.893 30922780836.1 1.97215585214e+12
0.000498950482258 0.00130962676567 -0.00604300141092 -0.131489140467 -2.72249481263 -48.8313983499 -985.340097961 -17508.2873755 -272965.167928 1946370.9417 438223946.022 34269686955.9 2.0966068624e+12
0.000493901157911 0.00125618478932 -0.00651104495854 -0.134983653975 -2.72898823901 -47.91457001 -941.724589657 -15843.0167719 -211785.655159 4206131.74425 522467323.601 37396407399.9 2.20727653562e+12
0.000488843735171 0.00120307106296 -0.00696779879695 -0.138225659917 -2.7302589155 -46.8900282802 -895.966738145 -14142.6842494 -150574.705039 6421986.14198 603110991.393 40289509054.6 2.30371040783e+12
0.000483779515414 0.00115030537859 -0.00741303631955 -0.141214338736 -2.72637591868 -45.7615538203 -848.221698568 -12413.2807181 -89561.7011334 8585135.62927 679820749.278 42936903696.8 2.38553829076e+12
0.000478709789066 0.00109790711144 -0.0078465433512 -0.14394919642 -2.71741622976 -44.5331053545 -798.647941305 -10660.8130844 -28972.4601626 10687106.0963 752284489.096 45327892326.2 2.452475311e+12
0.000473635835097 0.00104589521097 -0.0082681182345 -0.146430062081 -2.7034645272 -43.2088094352 -747.406808158 -8891.28579693 30971.5220423 12719777.9941 820213338.77 47453202276.0 2.50432248189e+12
0.000468558920528 0.000994288192219 -0.00867757190128 -0.148657085098 -2.68461296705 -41.7929499206 -694.662064771 -7110.68256232 90053.8025166 14675414.8104 883342692.514 49305016977.4 2.54096680916e+12
0.000463480299943 0.000943104127639 -0.00907472792936 -0.150630731811 -2.66096095157 -40.2899571939 -640.57945055 -5324.94828839 148063.698632 16546689.7529 941433123.469 50876998296.3 2.56238093381e+12
0.00045840121502 0.000892360639412 -0.00945942258467 -0.152351781793 -2.63261488674 -38.7043971488 -585.326227309 -3539.97130914 204796.968719 18326710.5509 994271175.688 52164301395.2 2.56862231821e+12
0.000453322894072 0.000842074892154 -0.00983150484887 -0.153821323702 -2.59968792908 -37.0409599724 -529.070727918 -1761.56594586 260056.463621 20009042.2875 1041670032.94 53163582112.1 2.55983198391e+12
0.000448246551604 0.000792263586169 -0.0101908364325 -0.15504075073 -2.56229972258 -35.3044487501 -471.981906171 4.54454368949 313652.747082 21587728.19 1083470062.4 53872996886.4 2.53623281177e+12
0.000443173387878 0.000742942951081 -0.0105372917738 -0.156011755647 -2.52057612612 -33.4997679226 -414.228889093 1752.74457713 365404.683002 23057308.3103 1119539231.9 54292195295.3 2.49812741773e+12
0.000438104588495 0.000694128739971 -0.0108707580237 -0.15673632547 -2.47464893219 -31.6319116227 -355.980532901 3477.54237185 415139.987734 24412836.0378 1149773399.89 54422305306.2 2.44589561928e+12
0.000433041323993 0.000645836223957 -0.0111911350164 -0.157216735753 -2.42465557737 -29.7059519197 -297.404983797 5173.58553492 462695.745738 25649892.3992 1174096478.05 54265911380.0 2.37999151019e+12
0.000427984749451 0.000598080187247 -0.0114983352264 -0.15745554452 -2.37073884531 -27.7270269994 -238.669244747 6835.67607412 507918.88705 26764598.1038 1192460466.83 53827025599.4 2.30094016266e+12
0.000422936004116 0.000550874922637 -0.0117922837125 -0.15745558585 -2.31304656286 -25.700329309 -179.93874939 8458.78478755 550666.625192 27753623.3073 1204845364.96 53111052026.9 2.20933397839e+12
0.000417896211036 0.000504234227483 -0.0120729180472 -0.157219963136 -2.25173128992 -23.6310936928 -121.376944161 10038.0649918 590806.854289 28614195.0755 1211258954.45 52124744530.8 2.10582871125e+12
0.000412866476712 0.000458171400117 -0.0123401882345 -0.156752042014 -2.18695000372 -21.5245855485 -63.1448797164 11568.8655514 628218.504328 29344102.5354 1211736463.15 50876158347.1 1.99113918633e+12
0.000407847890762 0.000412699236729 -0.0125940566139 -0.156055442998 -2.11886377826 -19.3860890292 -5.40081268073 13046.7431743 662791.853657 29941699.7174 1206340107.54 49374595675.6 1.86603474127e+12
0.0004028415256 0.00036783002869 -0.0128344977521 -0.155134033819 -2.04763745941 -17.22089532 51.700181289 14467.4739411 694428.79799 30405906.0947 1195158518.84 47630545633.3 1.73133441714e+12
0.000397848436127 0.000323575560332 -0.0130614983221 -0.153991921496 -1.97343933652 -15.0342910142 108.006582163 15827.0640396 723043.075324 30736204.8411 1178306056.12 45655618917.0 1.58790192742e+12
0.000392869659443 0.000279947107175 -0.0132750569714 -0.15263344414 -1.89644081106 -12.8315466165 163.370787019 17121.7596762 748560.446395 30932638.8334 1155922010.61 43462477547.5 1.43664043429e+12
0.000387906214563 0.000236955434587 -0.0134751841771 -0.151063162523 -1.81681606312 -10.6179051966 217.649457472 18348.0561418 770918.830401 30995804.4373 1128169705.69 41064760090.1 1.27848716262e+12
0.000382959102155 0.000194610796892 -0.0136619020902 -0.149285851414 -1.73474171622 -8.3985712208 270.70385225 19502.7060116 790068.395936 30926843.1206 1095235497.67 38477002766.3 1.11440788227e+12
0.000378029304292 0.000152922936904 -0.0138352443696 -0.147306490704 -1.65039650127 -6.17869958283 322.400144135 20582.7264598 805971.607227 30727430.9492 1057327682.78 35714556887.0 945391290081.0
0.000373117784213 0.000111901085891 -0.0139952560041 -0.145130256343 -1.56396092031 -3.96338485945 372.609720562 21585.4056754 818603.225917 30399766.0287 1014675316.17 32793503053.1 772443323024.0
0.000368225486107 7.15539639597e-05 -0.014141993125 -0.142762511084 -1.47561691059 -1.75765081252 421.209467213 22508.3083674 827950.26882 29946553.9604 967526949.099 29730562580.6 596581434172.0
0.0003633533349 3.18897808609e-05 -0.0142755228083 -0.140208795084 -1.38554750968 0.433559840548 468.082033999 23349.2803501 834011.922216 29370991.3921 916149290.807 26543006618.9 418828862979.0
0.000358502236067 -7.08376280171e-06 -0.0143959228678 -0.13747481634 -1.29393652231 2.60539536703 513.116082875 24106.4522039 836799.413415 28676747.7457 860825801.796 23248563435.9 240208931195.0
0.000353673075452 -4.53594739546e-05 -0.0145032816379 -0.13456644101 -1.20096818943 4.75310464964 556.206516998 24778.2420079 836335.84046 27867945.2161 801855225.584 19865324350.9 61739395274.1
0.000348866719105 -8.29306650429e-05 -0.0145976977489 -0.131489683612 -1.1068268602 6.87204648894 597.254690777 25363.3571458 832655.961005 26949137.1375 739550066.129 16411648796.1 -115573114458.0
0.000344084013131 -0.000119791151629 -0.0146792798928 -0.128250697137 -1.0116966675 8.95769855924 636.168600458 25860.7951883 825805.941509 25925284.8222 674235018.359 12906068990.9 -290738538336.0
0.000339325783554 -0.000155935249612 -0.0147481465815 -0.124855763072 -0.915761207448 11.005666001 672.863054895 26269.8438578 815843.068069 24801732.9795 606245359.362 9367194706.11 -462788686977.0
0.000334592836196 -0.00019135777207 -0.0148044258975 -0.121311281367 -0.819203223638 13.0116896337 707.259826268 26590.0800854 802835.420284 23584183.8301 535925307.895 5813618595.02 -630782368416.0
0.000329885956568 -0.00022605402574 -0.0148482552368 -0.117623760354 -0.722204296533 14.9716537744 739.287780533 26821.3681731 786861.509733 22278670.033 463626359.968 2263822557.83 -793810316407.0
0.000325205909774 -0.00026001980714 -0.0148797810456 -0.113799806634 -0.624944538604 16.8815936481 768.882987459 26963.8570735 768009.884692 20891526.548 389705608.267 -1263914402.5 -950999894830.0
0.000320553440436 -0.000293251398343 -0.01489915855 -0.109846114952 -0.527602295716 18.7377023773 795.988810174 27017.9768082 746378.702885 19429361.5571 314524053.202 -4751606386.32 -1.10151955466e+12
0.000315929272617 -0.000325745562412 -0.0149065514802 -0.105769458072 -0.43035385526 20.5363375393 820.555974187 26984.4340422 722075.274125 17899026.575 238444913.321 -8181648433.59 -1.24458302146e+12
0.000311334109776 -0.000357499538506 -0.0149021317891 -0.101576676668 -0.333373161515 22.274027281 842.542615914 26864.2068387 695215.574802 16307585.876 161831942.749 -11536901573.5 -1.37945319313e+12
0.000306768634723 -0.000388511036664 -0.014886079365 -0.0972746692542 -0.236831538692 23.9474759818 861.914310814 26658.5386188 665923.736275 14662285.3705 85047763.234 -14800774689.1 -1.50544572933e+12
0.000302233509589 -0.00041877823228 -0.0148585817408 -0.0928703821545 -0.140897422096 25.5535694567 878.644081248 26368.9313542 634331.509268 12970521.0636 8452218.21434 -17957302819.2 -1.62193231593e+12
0.000297729375816 -0.000448299760276 -0.0148198337978 -0.08837079954 -0.0457360978304 27.0893796932 892.712384297 25997.1380212 600577.706471 11239807.2265 -67599243.8406 -20991221538.3 -1.72834358971e+12
0.00029325685415 -0.000477074708985 -0.0147700374664 -0.083782933543 0.0484905485784 28.5521691164 904.10707976 25545.1543498 564807.625579 9477744.41604 -142757149.763 -23888037083.6 -1.82417171067e+12
0.000288816544652 -0.00050510261375 -0.0147094014228 -0.0791138144624 0.141624274249 29.9393943768 912.823378662 25015.2098999 527172.455069 7691987.47219 -216679538.88 -26634091916.5 -1.90897257117e+12
0.000284409026723 -0.00053238345026 -0.0146381407829 -0.0743704810746 0.233510711375 31.2487096595 918.863772618 24409.7585005 487828.665026 5890213.62566 -289033450.524 -29216625437.4 -1.9823676334e+12
0.000280034859135 -0.00055891762762 -0.0145564767938 -0.0695599710636 0.323999589683 32.4779695115 922.237944458 23731.4680898 446937.385414 4080090.84367 -359496355.593 -31623829596.7 -2.04404538859e+12
0.000275694580079 -0.000584705981171 -0.0144646365226 -0.0646893115837 0.412944948628 33.6252311864 922.962660585 22983.2099937 404663.774134 2269246.54087 -427757526.222 -33844899172.8 -2.09376243385e+12
0.000271388707223 -0.000609749765078 -0.0143628525438 -0.0597655099672 0.500205339048 34.6887565078 921.061645538 22168.0476839 361176.3773 465236.779338 -493519337.977 -35870076519.6 -2.13134416425e+12
0.00026711773778 -0.000634050644682 -0.0142513626256 -0.0547955445889 0.585644014029 35.667013251 916.56543934 21289.2250564 316646.484108 -1324483.92191 -556498499.316 -37690690612.1 -2.15668508014e+12
0.000262882148589 -0.000657610688641 -0.0141304094141 -0.0497863559011 0.669129108758 36.5586760484 909.511238182 20350.1542722 271247.478699 -3092592.05094 -616427203.485 -39299190252.6 -2.16974871188e+12
0.000258682396208 -0.000680432360862 -0.0140002401185 -0.0447448376481 0.750533809164 37.3626268191 899.942719106 19354.4032053 225154.191398 -4831923.7279 -673054198.391 -40689171327.8 -2.17056716597e+12
0.000254518917014 -0.000702518512241 -0.0138611061949 -0.0396778282734 0.829736509176 38.0779547308 887.909849313 18305.6825402 178542.251678 -6535502.38289 -726145770.428 -41855398039.5 -2.1592402988e+12
0.000250392127317 -0.000723872372213 -0.0137132630308 -0.0345921025289 0.90662095644 38.7039556971 873.468680836 17207.8325649 131587.445173 -8196565.38372 -775486638.652 -42793818063.5 -2.13593452629e+12
0.000246302423484 -0.000744497540133 -0.0135569696303 -0.0294943632958 0.981076386385 39.240131419 856.681131272 16064.8097041 84465.0770273 -9808589.51596 -820880756.171 -43501571619.3 -2.10088127931e+12
0.000242250182068 -0.000764397976499 -0.0133924882999 -0.0243912336287 1.05299764453 39.6861879774 837.614751358 14880.6728385 37349.3438141 -11365315.2233 -862152016.041 -43976994467.0 -2.05437511697e+12
0.000238235759957 -0.000783577994011 -0.013220084336 -0.0192892490286 1.12228529697 40.0420339863 816.342480182 13659.5694557 -9587.28379933 -12860769.5227 -899144859.449 -44219614877.7 -1.99677151137e+12
0.000234259494518 -0.000802042248505 -0.0130400257141 -0.0141948499572 1.18884572896 40.3077783159 792.942388822 12405.7216786 -56174.6655188 -14289287.5141 -931724784.411 -44230144650.5 -1.92848431921e+12
0.000230321703768 -0.000819795729749 -0.0128525827799 -0.00911437459682 1.25259123161 40.4837273967 767.497413278 11123.4122168 -102245.580981 -15645532.4133 -959778753.711 -44010464283.7 -1.84998295712e+12
0.000226422686536 -0.000836843752118 -0.0126580279426 -0.00405405186625 1.31344007671 40.5703821162 740.095077533 9816.97028622 -147636.302431 -16924514.0402 -983215501.24 -43563602429.5 -1.76178929924e+12
0.000222562722646 -0.000853191945173 -0.0124566353715 0.000980005302551 1.37131657961 40.5684343202 710.827207622 8490.75754253 -192187.148638 -18121605.7047 -1001965736.42 -42893709796.5 -1.66447431654e+12
0.000218742073102 -0.00086884624413 -0.0122486806952 0.00598180641936 1.42615115032 40.4787629322 679.789637607 7149.15407173 -235743.018245 -19232559.4385 -1015982246.82 -42006027682.1 -1.55865447904e+12
0.000214960980289 -0.000883812880254 -0.0120344407043 0.0109454896169 1.47788033283 40.3024297049 647.081908339 5796.54448228 -278153.900867 -20253519.5273 -1025239899.52 -40906851350.7 -1.44498794286e+12
0.000211219668168 -0.000898098371169 -0.0118141930579 0.0158653275531 1.52644683276 40.040674618 612.806959934 4437.30414117 -319275.364328 -21181034.3082 -1029735542.37 -39603488488.9 -1.32417054511e+12
0.000207518342494 -0.000911709511111 -0.0115882159941 0.0207357330292 1.57179953345 39.6949109384 577.070818859 3075.78559599 -358969.016542 -22012066.2008 -1029487806.48 -38104212998.2 -1.19693163044e+12
0.00020385719103 -0.000924653361117 -0.0113567880444 0.02555126432 1.61389350066 39.2667199571 539.98228056 1716.30522347 -397102.940661 -22743999.9525 -1024536811.99 -36418214402.3 -1.06402973379e+12
0.000200236383774 -0.000936937239181 -0.0111201877532 0.0303066302126 1.65268997598 38.7578454208 501.652588548 363.130144239 -433552.102213 -23374649.0811 -1014943779.39 -34555543166.4 -926248144361.0
0.00019665607319 -0.000948568710367 -0.0108786934018 0.0349966947503 1.68815635914 38.1701876742 462.195110848 -979.534558204 -468198.727081 -23902260.5106 -1000790549.16 -32527052243.5 -784390376266.0
0.000193116394447 -0.0009595555769 -0.0106325827374 0.0396164816788 1.72026617949 37.5057975307 421.725014736 -2307.55827756 -500932.649283 -24325517.3987 -982179012.898 -30344335178.6 -639275571532.0
0.000189617465661 -0.000969905868247 -0.0103821327074 0.0441611785933 1.74899905675 36.766869889 380.358940662 -3616.89694859 -531651.627646 -24643540.1656 -959230459.378 -28019661114.5 -491733861349.0
0.00018615938815 -0.000979627831186 -0.0101276191999 0.0486261407849 1.77434065135 35.9557371136 338.214676256 -4903.60470128 -560261.630581 -24855885.7387 -932084839.41 -25565907056.3 -342601711275.0
0.000182742246683 -0.000988729919886 -0.00986931678861 0.0530068947846 1.79628260458 35.074862198 295.410831299 -6163.84507344 -586677.088304 -24962545.0361 -900899953.732 -22996487760.5 -192717276042.0
0.00017936610975 -0.000997220785998 -0.00960749848536 0.0572991416056 1.81482246879 34.1268317291 252.066514528 -7393.90175188 -610821.111953 -24963938.7184 -865850568.363 -20325283622.7 -42915789268.5
0.000176031029817 -0.00100510926877 -0.00934243549738 0.0614987596822 1.82996362797 33.1143486718 208.301013125 -8590.18881381 -632625.679213 -24860911.2447 -827127462.214 -17566566945.6 105974987094.0
0.000172737043608 -0.0010124043852 -0.00907439699174 0.0656018075082 1.84171520904 32.0402249919 164.233475732 -9749.26044249 -652031.78614 -24654723.2758 -784936411.972 -14734926971.2 253139229285.0
0.000169484172371 -0.00101911532021 -0.00880364986604 0.0696045259731 1.85009198396 30.907374138 119.982599788 -10867.8200929 -668989.565055 -24347042.474 -739497119.514 -11845194063.3 397777410678.0
0.000166272422162 -0.0010252514169 -0.00853045852581 0.0735033404005 1.85511426334 29.7188034003 75.6663239956 -11942.7290853 -683458.368451 -23939932.7536 -691042087.318 -8912363429.19 539110530407.0
0.000163101784129 -0.00103082216683 -0.00825508466878 0.0772948622877 1.85680778148 28.477606166 31.4015266628 -12971.0146068 -695406.81903 -23435842.0439 -639815447.481 -5951518763.74 676384189877.0
0.000159972234795 -0.0010358372004 -0.00797778707607 0.0809758907512 1.8552035735 27.18695409 -12.6962693225 -13949.8771029 -704812.826064 -22837588.6298 -586071750.157 -2977756198.2 808872496442.0
0.000156883736352 -0.00104030627726 -0.00769882141051 0.0845434136802 1.85033784483 25.8500892014 -56.5131841939 -14876.697044 -711663.56843 -22148346.1419 -530074717.293 -6108929.8657 935881774657.0
0.000153836236951 -0.00104423927683 -0.00741844002217 0.0879946086003 1.84225183328 24.4703159622 -99.9372609954 -15749.0410517 -715955.444764 -21371627.2714 -472095967.676 2948527099.43 1.05675406679e+12
0.000150829670999 -0.00104764618894 -0.0071368917612 0.0913268432537 1.83099166431 23.0509932999 -142.858736612 -16564.6673764 -717693.991297 -20511266.2907 -412413719.34 5871466116.43 1.17087040559e+12
0.000147863959459 -0.00105053710449 -0.00685442179802 0.0945376758967 1.81660819969 21.5955266295 -185.170303527 -17321.5307147 -716893.768052 -19571400.4624 -351311475.427 8748303672.81 1.27765384382e+12
0.000144939010147 -0.00105292220627 -0.00657127145108 0.097624855322 1.79915688006 20.1073598864 -226.767361733 -18017.7863604 -713578.214189 -18556450.4263 -289076699.606 11564985708.8 1.37657222633e+12
0.000142054718041 -0.00105481175987 -0.00628767802209 0.100586320609 1.7786975617 18.5899675852 -267.548260236 -18651.7936857 -707779.473367 -17471099.6528 -225999487.135 14307875202.5 1.46714069235e+12
0.000139210965578 -0.0010562161047 -0.00600387463889 0.103420200607 1.75529434797 17.0468469241 -307.414527662 -19222.1189489 -699538.190124 -16320273.0585 -162371237.577 16963816097.7 1.54892389686e+12
0.000136407622963 -0.00105714564519 -0.00572009010595 0.106124813159 1.72901541579 15.4815099512 -346.271091485 -19727.5374284 -688903.278332 -15109114.8785 -98483335.1541 19520194222.3 1.62153794194e+12
0.000133644548478 -0.00105761084198 -0.00543654876256 0.108698664068 1.6999328376 13.8974758096 -384.026485442 -20167.0348859 -675931.662901 -13842965.8925 -34625842.5703 21964994924.1 1.68465201041e+12
0.000130921588789 -0.00105762220342 -0.00515347034872 0.11114044582 1.66812239921 12.2982630785 -420.593044749 -20539.808362 -660687.99597 -12527340.1062 28913785.962 24286857173.5 1.73798969585e+12
0.000128238579251 -0.00105719027707 -0.00487106987873 0.113449036056 1.63366341384 10.6873822247 -455.887088755 -20845.2663101 -643244.348905 -11167900.985 91851966.9144 26475123900.7 1.78133002489e+12
0.000125595344224 -0.00105632564142 -0.00458955752251 0.115623495819 1.59663853296 9.06832818177 -489.829090724 -21083.0280776 -623679.881501 -9770437.3438 153910219.459 28519888356.6 1.8145081692e+12
0.000122991697376 -0.00105503889773 -0.0043091384946 0.117663067562 1.55713355421 7.4445730698 -522.343834468 -21252.9227441 -602080.489841 -8340838.99179 214816362.104 30412036310.8 1.83741584653e+12
0.000120427441999 -0.001053340662 -0.0040300129509 0.119567172943 1.51523722676 5.81955907195 -553.360557593 -21354.9873274 -578538.434313 -6885072.2339 274305668.974 32143283918.1 1.85000141165e+12
0.000117902371311 -0.00105124155717 -0.00375237589297 0.121335410404 1.47104105469 4.19669147994 -582.813081167 -21389.4643737 -553151.949384 -5409155.32886 332121980.977 33706211114.7 1.85226963995e+12
0.000115416268773 -0.00104875220543 -0.00347641708006 0.122967552541 1.42463909864 2.57933192243 -610.639925662 -21356.7989445 -526024.836702 -3919134.00305 388018767.392 35094290422.8 1.84428120776e+12
0.000112968908392 -0.00104588322067 -0.00320232094864 0.124463543281 1.37612777616 0.970791788481 -636.784413034 -21257.63502 -497266.043212 -2421057.11749 441760133.655 36301911071.7 1.82615187545e+12
0.000110560055029 -0.00104264520117 -0.00293026653942 0.125823494865 1.32560566126 -0.625674142186 -661.19475489 -21092.8113361 -466989.225945 -920952.584186 493121771.422 37324398362.4 1.79805138064e+12
0.000108189464709 -0.00103904872244 -0.0026604274319 0.127047684649 1.27317328341 -2.20687385087 -683.824126693 -20863.3566769 -435312.305207 575196.374803 541891847.309 38158028233.6 1.7602020504e+12
0.000105856884922 -0.00103510433013 -0.00239297168618 0.128136551737 1.21893292641 -3.7696840032 -704.630728013 -20570.4846428 -402357.007886 2061474.53432 587871827.004 38800037004.1 1.71287714286e+12
0.000103562054931 -0.00103082253335 -0.00212806179218 0.129090693443 1.16298842763 -5.31105563441 -723.577828855 -20215.5879188 -368248.402621 3532057.45089 630877231.778 39248626297.2 1.65639892981e+12
0.00010130470607 -0.00102621379792 -0.00186585462592 0.129910861599 1.10544497776 -6.8280195874 -740.633802163 -19800.2320675 -333114.428587 4981233.64025 670738324.785 39502963172.1 1.5911365334e+12
9.90845620495e-05 -0.00102128853998 -0.00160650141303 0.130597958717 1.04640892171 -8.31769169556 -755.772142594 -19326.1488704 -297085.419635 6403426.06611 707300724.848 39563175512.0 1.51750353099e+12
9.69013392504e-05 -0.00101605711969 -0.00135014769914 0.131153034008 0.985987560703 -9.77727770266 -768.971471722 -18795.2292468 -260293.625539 7793212.86247 740425945.817 39430342743.8 1.43595534343e+12
9.47547470232e-05 -0.00101052983515 -0.00109693332723 0.131577279276 0.924288956237 -11.2040779131 -780.215529863 -18209.5157761 -222872.732062 9145347.21561 769991859.909 39106481981.5 1.34698642314e+12
9.26444879816e-05 -0.00100471691652 -0.00084699242167 0.131872024685 0.861421735953 -12.5954915663 -789.493154725 -17571.1948523 -184957.381573 10454776.3366 795893083.839 38594529713.0 1.25112725901e+12
9.05702582936e-05 -0.000998628520346 -0.000600453378932 0.13203873442 0.797494901928 -13.9490209305 -796.798247153 -16882.5885006 -146682.695883 11716659.4594 818041286.854 37898319165.0 1.1489412162e+12
8.85317479712e-05 -0.000992274723978 -0.000357438864804 0.132079002238 0.732617641625 -15.2622751103 -802.129724236 -16146.1458843 -108183.802956 12926384.8041 836365420.21 37022553505.4 1.04102122954e+12
8.65286411561e-05 -0.000985665520311 -0.000118065817932 0.131994546928 0.666899141819 -16.5329735656 -805.491460097 -15364.4345347 -69595.3691213 14079585.4512 850811867.922 35972775057.0 927986369692.0
8.45606164035e-05 -0.000978810812641 0.000117554540394 0.131787207685 0.600448405788 -17.7589493375 -806.892214706 -14540.1313321 -31051.1383571 15172154.0746 861344519.03 34755330717.2 810478301897.0
8.26273469622e-05 -0.000971720409736 0.000349316690404 0.131458939407 0.533374074059 -18.9381519796 -806.34555108 -13676.0132718 7316.51982265 16200256.4914 867944761.921 33377333793.4 689157657371.0
8.07285010517e-05 -0.000964404021097 0.000577120792086 0.131011807918 0.465784248954 -20.068650193 -803.86974127 -12774.9480435 45377.0524007 17160343.9864 870611401.625 31846622479.1 564700337715.0
7.88637421361e-05 -0.000956871252413 0.000800872657676 0.13044798514 0.397786323215 -21.1486341639 -799.487661554 -11839.8844585 83002.1533859 18049164.3778 869360501.316 30171715209.8 437793772832.0
7.70327291947e-05 -0.000949131601214 0.00102048371855 0.129769744208 0.329486812926 -22.1764176037 -793.226677259 -10873.8427533 120066.181476 18863771.7964 864225149.576 28361763150.9 309133152846.0
7.52351169883e-05 -0.000941194452709 0.00123587098671 0.128979454543 0.260991194978 -23.1504394918 -785.118517704 -9879.90480369 156446.563561 19601535.1533 855255155.294 26426500079.0 179417654475.0
7.34705563228e-05 -0.000933069075823 0.00144695701094 0.12807957689 0.192403749283 -24.0692655235 -775.199141716 -8861.20427798 192024.182831 20260145.281 842516672.371 24376189931.2 49346682078.2
7.17386943087e-05 -0.000924764619422 0.00165366982802 0.127072658335 0.123827405944 -24.9315892626 -763.508594232 -7820.91676236 226683.750337 20837620.7322 826091756.678 22221572302.3 -80383856686.9
7.00391746161e-05 -0.000916290108732 0.00185594290885 0.125961327294 0.0553635975533 -25.7362330033 -750.090854497 -6762.24988759 260314.158924 21332312.2334 806077858.003 19973806176.7 -209085221077.0
6.83716377272e-05 -0.000907654441941 0.00205371509999 0.1247482885 -0.0128878831807 -26.4821483441 -734.993676389 -5688.43348762 292808.818523 21742905.7896 782587249.957 17644412189.8 -336079434321.0
6.6735721183e-05 -0.000898866386999 0.00224693056059 0.123436317987 -0.0808290203428 -27.1684164755 -718.268421407 -4602.70981952 324065.971887 22068424.4455 755746401.069 15245213714.0 -460702789113.0
6.51310598273e-05 -0.000889934578593 0.00243553869492 0.122028258072 -0.148363706096 -27.7942481895 -699.969884882 -3508.32387364 353988.989918 22308228.7116 725695290.493 12788277069.8 -582309243821.0
6.35572860458e-05 -0.000880867515318 0.00261949408079 0.120527012359 -0.215397866213 -28.3589836113 -680.156115953 -2408.51380203 382486.645835 22462015.6719 692586671.989 10285851159.5 -700273692470.0
6.20140300011e-05 -0.000871673557024 0.0027987563939 0.11893554076 -0.281839579743 -28.8620916631 -658.888231908 -1306.50149257 409473.367508 22529816.7904 656585289.984 7750306826.12 -813995092429.0
6.05009198635e-05 -0.000862360922345 0.00297329032841 0.117256854534 -0.347599192693 -29.3031692618 -636.230227425 -205.48331519 434869.467371 22511994.4433 617867051.719 5194076230.25 -922899434666.0
5.90175820368e-05 -0.000852937686409 0.00314306551388 0.115494011376 -0.412589425649 -29.6819402608 -612.248779321 891.378934234 458601.349407 22409237.2039 576618159.6 2629592541.63 -1.02644254245e+12
5.75636413807e-05 -0.000843411778725 0.00330805642877 0.113650110536 -0.476725475252 -29.9982541399 -587.013047376 1980.96686781 480601.692811 22222553.9172 533034208.023 69230231.6446 -1.12411268547e+12
5.61387214278e-05 -0.000833790981242 0.00346824231066 0.111728287983 -0.539925109466 -30.2520844518 -560.594471811 3060.21409399 500809.611985 21953266.599 487319249.027 -2474753750.52 -1.21543299736e+12
5.47424445964e-05 -0.000824082926579 0.00362360706346 0.109731711632 -0.602108756587 -30.443527034 -533.066568001 4126.11453796 519170.792656 21603002.2042 439684831.212 -4990277643.96 -1.29996368607e+12
5.33744323986e-05 -0.000814295096433 0.00377413916166 0.10766357662 -0.663199587957 -30.5727979917 -504.504719004 5175.73047296 535637.603942 21173683.3101 390349016.44 -7465491119.0 -1.37730402738e+12
5.20343056441e-05 -0.000804434820138 0.00391983155195 0.105527100655 -0.723123594357 -30.6402314631 -474.985966474 6206.20024266 550169.18632 20667517.764 339535378.848 -9888829841.71 -1.4470941334e+12
5.07216846387e-05 -0.000794509273403 0.00406068155232 0.103325519432 -0.781809656074 -30.6462771741 -444.588800523 7214.74565584 562731.515521 20086987.3487 287471990.752 -12249068115.9 -1.50901648911e+12
4.9436189379e-05 -0.000784525477198 0.00419669074878 0.101062082121 -0.839189606631 -30.5914977918 -413.3929491 8198.6790361 573297.442443 19434835.5229 234390399.986 -14535369370.6 -1.5627972512e+12
4.81774397416e-05 -0.000774490296811 0.00432786489004 0.0987400469452 -0.895198290204 -30.4765660876 -381.479167428 9155.40991059 581846.709297 18714054.2947 180524603.238 -16737334275.1 -1.60820730498e+12
4.69450556678e-05 -0.000764410441043 0.00445421378011 0.0963626768368 -0.949773612747 -30.302261917 -348.929028048 10082.4513231 588365.942224 17927870.2917 126110019.878 -18845046275.6 -1.64506307627e+12
4.57386573441e-05 -0.000754292461569 0.00457575116921 0.0939332351861 -1.00285658686 -30.0694690296 -315.824711999 10977.4257581 592848.620763 17079730.09 71382470.7123 -20849114365.7 -1.67322709667e+12
4.4557865377e-05 -0.000744142752436 0.00469249464299 0.0914549816853 -1.05439137046 -29.7791717158 -282.248801648 11838.0706644 595295.024571 16173284.8699 16577166.0338 -22740712915.6 -1.69260832183e+12
4.3402300964e-05 -0.000733967549716 0.0048044655104 0.0889311682704 -1.10432529927 -29.4324513032 -248.284075676 12662.2435671 595712.157896 15212374.4662 -38072292.7624 -24511618402.6 -1.70316220371e+12
4.22715860591e-05 -0.000723772931288 0.00491168869024 0.0863650351655 -1.15260891329 -29.0304825118 -214.013306717 13447.9267599 594113.652379 14201010.8805 -92334893.8562 -26154242902.7 -1.70489051902e+12
4.11653435341e-05 -0.000713564816766 0.00501419259662 0.0837598070334 -1.19919597722 -28.5745296788 -179.519062105 14193.2315691 590519.6488 13143361.3292 -145983173.947 -27661664219.2 -1.69784095749e+12
4.00831973349e-05 -0.000703348967559 0.00511200902352 0.0811186892348 -1.24404349497 -28.0659428643 -144.883508212 14896.402184 584956.658487 12043730.8959 -198794151.596 -29027652543.1 -1.68210647449e+12
3.9024772633e-05 -0.00069313098706 0.00520517302859 0.0784448641999 -1.28711171841 -27.5061538472 -110.18821879 15555.8190486 577457.405117 10906544.8613 -250550231.248 -30246693557.1 -1.65782441416e+12
3.79896959727e-05 -0.00068291632096 0.00529372281631 0.0757414879158 -1.32836415037 -26.8966720238 -75.5139877524 16170.0018114 568060.647746 9736330.78224 -301040074.412 -31314007914.3 -1.62517540995e+12
3.69775954131e-05 -0.000672710257691 0.00537769962073 0.0730116865301 -1.36776754205 -26.2390802182 -40.9406467994 16737.6118307 556810.985925 8537700.39302 -350059434.647 -32225567038.9 -1.58438207075e+12
3.59881006656e-05 -0.000662517928981 0.0054571475879 0.0702585530755 -1.40529188505 -25.5350304169 -6.54688825226 17257.4542366 543758.647802 7315331.399 -397411953.201 -32978105217.7 -1.53570746183e+12
3.50208432269e-05 -0.00065234431053 0.00553211365823 0.0674851443152 -1.44091039796 -24.786239436 27.589906528 17728.4795484 528959.262193 6073949.23523 -442909912.394 -33569127965.3 -1.47945339068e+12
3.40754565075e-05 -0.000642194222793 0.00560264744871 0.0646944777129 -1.4745995078 -23.9944845345 61.3938328056 18149.784851 512473.615603 4818308.85964 -486374944.013 -33996916668.5 -1.41595850889e+12
3.31515759552e-05 -0.000632072331875 0.00566880113541 0.0618895285272 -1.50633882649 -23.1615989813 94.7906219016 18520.614533 494367.395233 3553176.65002 -527638690.249 -34260529528.1 -1.34559624177e+12
3.22488391742e-05 -0.000621983150527 0.0057306293362 0.0590732270325 -1.53611112234 -22.2894675889 127.707794094 18840.3605917 474710.919056 2283312.47262 -566543414.938 -34359798838.4 -1.26877255859e+12
3.13668860399e-05 -0.000611931039243 0.00578818899393 0.056248455868 -1.5639022868 -21.3800222221 160.07480472 19108.562511 453578.854032 1013451.98843 -602942563.106 -34295324658.9 -1.18592359655e+12
3.05053588091e-05 -0.000601920207456 0.00584153926006 0.0534180475142 -1.58970129677 -20.4352372927 191.823183221 19324.9067183 431049.923605 -251710.738616 -636701267.068 -34068464949.3 -1.09751315255e+12
2.96639022256e-05 -0.000591954714821 0.00589074137909 0.050584781899 -1.61350017234 -19.4571252501 222.88666492 19489.2256299 407206.605603 -1507540.26939 -667696797.592 -33681322256.1 -1.00403005714e+12
2.88421636218e-05 -0.000582038472591 0.00593585857374 0.0477513841326 -1.63529393043 -18.4477320774 253.201315313 19601.496294 382134.8217 -2749476.39344 -695818958.895 -33136727053.8 -905985445562.0
2.80397930154e-05 -0.000572175245079 0.00597695593097 0.0449205223723 -1.65508053435 -17.4091328029 282.705646702 19661.8386411 355923.619608 -3973050.25174 -720970426.481 -32438217857.2 -803909941120.0
2.72564432026e-05 -0.000562368651197 0.00601410028915 0.0420948058167 -1.67286083947 -16.3434270349 311.340727016 19670.5133536 328664.849156 -5173899.92355 -743067027.116 -31590018237.6 -698350766438.0
2.64917698463e-05 -0.000552622166075 0.00604736012624 0.0392767828283 -1.68863853523 -15.2527345311 339.050280685 19627.9193671 300452.833435 -6347785.42575 -762037960.461 -30597010884.8 -589868798259.0
2.57454315605e-05 -0.000542939122753 0.00607680544936 0.0364689391861 -1.70242008365 -14.1391908093 365.780781453 19534.5910165 271384.036189 -7490603.0759 -777825962.173 -29464708874.6 -479035581636.0
2.50170899905e-05 -0.000533322713944 0.00610250768552 0.0336736964654 -1.71421465455 -13.0049428088 391.481537054 19391.194841 241556.726591 -8598399.17337 -790387408.514 -28199224305.9 -366430319323.0
2.4306409889e-05 -0.000523775993861 0.0061245395739 0.0308934105449 -1.72403405763 -11.8521446108 416.104765676 19198.5260622 211070.642583 -9667382.95634 -799692362.758 -26807234487.3 -252636852146.0
2.36130591887e-05 -0.000514301880109 0.00614297505968 0.0281303702402 -1.73189267165 -10.6829532255 439.605664181 18957.5047525 180026.6539 -10693938.7957 -805724563.951 -25295945860.6 -138240645952.0
2.29367090697e-05 -0.000504903155635 0.00615788918933 0.0253867960626 -1.73780737086 -9.49952445269 461.942468059 18669.1717075 148526.425921 -11674637.5905 -808481358.79 -23673055854.5 -23825800554.7
2.22770340245e-05 -0.000495582470733 0.00616935800778 0.0226648391009 -1.74179744891 -8.30400882495 483.076503117 18334.6840422 116672.085425 -12606247.3332 -807973577.638 -21946712873.1 90027904252.0
2.16337119183e-05 -0.000486342345101 0.0061774584572 0.0199665800257 -1.74388454045 -7.09854763801 502.972228927 17955.3105252 84565.8893476 -13485742.8165 -804225355.91 -20125474626.7 202747910891.0
2.10064240456e-05 -0.000477185169947 0.00618226827773 0.0172940282145 -1.7440925405 -5.88526907671 521.597274088 17532.4266712 52309.8975813 -14310314.4569 -797273902.264 -18218265019.0 313771720146.0
2.03948551836e-05 -0.000468113210142 0.00618386591003 0.0146491209947 -1.74244752196 -4.66628444165 538.922463348 17067.5096082 20005.650831 -15077376.2152 -787169215.275 -16234329808.1 422549647498.0
1.97986936414e-05 -0.000459128606408 0.00618233039992 0.0120337230037 -1.73897765132 -3.44368448289 554.921836691 16562.1327392 -12246.1454795 -15784572.596 -773973750.416 -14183191262.3 528547486500.0
1.92176313059e-05 -0.000450233377554 0.00617774130489 0.00944962566372 -1.73371310275 -2.21953584582 569.572660481 16017.9602162 -44345.9303115 -16429784.7132 -757762039.395 -12074602032.2 631249066648.0
1.86513636846e-05 -0.000441429422734 0.00617017860286 0.00689854676853 -1.72668597092 -0.995877634553 582.855430784 15436.7412459 -76195.5882133 -17011135.4119 -738620264.045 -9918498463.3 730158693934.0
1.80995899442e-05 -0.000432718523754 0.00615972260296 0.00438213018036 -1.71793018251 0.225281902597 594.753869021 14820.3042465 -107698.741756 -17526993.4422 -716645787.133 -7724953570.41 824803462990.0
1.75620129466e-05 -0.000424102347392 0.00614645385856 0.00190194563442 -1.70748140682 1.44196856119 605.254910088 14170.5508738 -138761.034377 -17975976.6798 -691946642.608 -5504129896.35 914735430552.0
1.70383392813e-05 -0.000415582447751 0.00613045308247 -0.000540511351816 -1.69537696544 2.65224523828 614.348683136 13489.4499377 -169290.402863 -18356954.3985 -664640987.924 -3266232473.14 999533640791.0
