1.0
0.999851949231
0.999556003518
0.999112473998
0.998521826068
0.997784677848
0.996901798116
0.995874103756
0.99470265673
0.993388660569
0.991933456417
0.990338518659
0.988605450108
0.986735976831
0.984731942598
0.982595303001
0.980328119264
0.977932551772
0.975410853347
0.972765362322
0.969998495411
0.967112740449
0.964110648991
0.960994828844
0.957767936538
0.954432669788
0.950991759964
0.947447964613
0.94380406007
0.940062834165
0.936227079094
0.932299584444
0.928283130436
0.924180481377
0.919994379386
0.915727538378
0.911382638352
0.906962320007
0.902469179679
0.897905764636
0.893274568746
0.888578028506
0.883818519476
0.878998353093
0.874119773895
0.86918495714
0.864196006834
0.859154954161
0.854063756304
0.848924295667
0.843738379491
0.838507739824
0.833234033874
0.82791884472
0.822563682346
0.817169985006
0.811739120897
0.806272390117
0.800771026888
0.795236202036
0.78966902569
0.784070550181
0.778441773137
0.772783640724
0.767097051032
0.76138285756
0.755641872817
0.749874871952
0.744082596465
0.738265757914
0.732425041624
0.726561110393
0.720674608132
0.714766163457
0.708836393195
0.702885905801
0.696915304643
0.690925191184
0.684916167993
0.678888841614
0.67284382528
0.666781741419
0.660703224002
0.654608920686
0.648499494763
0.642375626897
0.636238016673
0.630087383916
0.623924469824
0.617750037882
0.611564874571
0.60536978988
0.599165617627
0.592953215577
0.586733465387
0.580507272363
0.574275565063
0.568039294719
0.56179943454
0.555556978842
0.549312942074
0.543068357711
0.536824277047
0.530581767897
0.524341913204
0.518105809582
0.511874565805
0.505649301231
0.499431144206
0.493221230428
0.487020701312
0.480830702334
0.474652381384
0.468486887146
0.462335367482
0.456198967867
0.45007882984
0.443976089525
0.437891876195
0.431827310879
0.425783505063
0.41976155943
0.413762562678
0.407787590427
0.401837704174
0.395913950351
0.390017359444
0.384148945188
0.378309703859
0.372500613615
0.366722633932
0.360976705101
0.355263747803
0.349584662746
0.34394033036
0.338331610566
0.33275934259
0.32722434483
0.321727414784
0.316269328989
0.310850843046
0.305472691635
0.300135588587
0.294840226972
0.289587279208
0.284377397188
0.279211212422
0.274089336185
0.269012359675
0.263980854158
0.258995371137
0.254056442493
0.249164580639
0.244320278643
0.239524010364
0.234776230561
0.230077374991
0.225427860496
0.220828085069
0.216278427915
0.211779249488
0.207330891512
0.202933676997
0.198587910234
0.194293876778
0.190051843426
0.185862058181
0.181724750205
0.177640129778
0.173608388238
0.169629697935
0.165704212169
0.161832065148
0.158013371934
0.154248228412
0.150536711252
0.146878877898
0.143274766559
0.139724396219
0.136227766668
0.132784858543
0.129395633395
0.126060033782
0.12277798337
0.119549387074
0.116374131215
0.113252083696
0.11018309422
0.107166994516
0.104203598599
0.101292703052
0.0984340873382
0.0956275141234
0.0928727296355
0.0901694640377
0.0875174318218
0.0849163322241
0.0823658496541
0.0798656541427
0.0774154018008
0.0750147352914
0.072663284311
0.0703606660794
0.0681064858337
0.0659003373272
0.0637418033294
0.0616304561251
0.0595658580115
0.0575475617902
0.0555751112533
0.0536480416602
0.0517658802058
0.0499281464762
0.0481343528916
0.046384005135
0.0446766025651
0.0430116386136
0.0413886011638
0.0398069729123
0.0382662317122
0.0367658508974
0.0353052995875
0.033884042974
0.0325015425901
0.0311572565584
0.0298506398246
0.0285811443723
0.027348219422
0.0261513116166
0.0249898651912
0.0238633221305
0.0227711223172
0.0217127036673
0.0206875022601
0.0196949524593
0.0187344870307
0.0178055372559
0.0169075330434
0.016039903042
0.0152020747532
0.0143934746481
0.0136135282894
0.0128616604595
0.0121372952947
0.0114398564317
0.0107687671615
0.0101234505953
0.00950332984441
0.00890782821131
0.00833636939598
0.00778837771626
