35215959175.7 -760489998.194 -712178653.328 152164547.672 147823314.949 10535325.4759 34799928.5223 31641047.4825 -20379912.6003 71083968.3785 -53562021.6517 64248768.1753 -42485518.049 32783119.3193 -14892640.3 9649432.36145
-760489998.193 16422810.8758 15379525.518 -3285999.2825 -3192250.19422 -227510.760456 -751505.800166 -683289.642143 440104.999536 -1535061.0419 1156673.92576 -1387454.62958 917476.402762 -707952.727555 321607.142328 -208379.864439
-712178653.329 15379525.518 14402516.5331 -3077250.91641 -2989457.38907 -213057.775095 -703765.190873 -639882.573509 412146.624722 -1437543.83121 1083194.36251 -1299314.35259 859192.245175 -662978.896934 301176.533641 -195142.199884
152164547.672 -3285999.28251 -3077250.91641 657487.403734 638729.382384 45522.0608285 150366.921888 136717.720907 -88059.5120788 307146.536633 -231436.001965 277612.337607 -183575.565961 141652.496177 -64349.571272 41694.2075394
147823314.95 -3192250.19426 -2989457.3891 638729.382391 620506.524723 44223.3229529 146076.975178 132817.183934 -85547.1868278 298383.689994 -224833.166022 269692.097431 -178338.181393 137611.170777 -62513.6872328 40504.6777782
10535325.4723 -227510.760379 -213057.775022 45522.060813 44223.3229373 3151.78361446 10410.8643278 9465.84280321 -6096.92359728 21265.7204395 -16023.7955839 19220.8788232 -12710.1112962 9807.50887151 -4455.33264968 2886.75682648
34799928.5271 -751505.80027 -703765.190968 150366.921908 146076.975196 10410.8643327 34388.8127415 31267.2497475 -20139.1504947 70244.2039554 -52929.2561883 63489.7527348 -41983.6070382 32395.8295016 -14716.7031694 9535.43689748
31641047.4773 -683289.642032 -639882.573404 136717.720884 132817.183911 9465.84280488 31267.2497381 28429.0392579 -18311.0668436 63867.952803 -48124.7283868 57726.6208808 -38172.6445966 29455.1748452 -13380.8293125 8669.8802085
-20379912.5955 440104.999432 412146.624624 -88059.5120579 -85547.1868066 -6096.92359791 -20139.1504872 -18311.0668422 11794.1083379 -41137.1746393 30997.0066243 -37181.5594557 24586.8965304 -18971.9979806 8618.55575558 -5584.24625451
71083968.3745 -1535061.04182 -1437543.83112 307146.536615 298383.689974 21265.7204455 70244.2039419 63867.9528099 -41137.1746467 143484.110006 -108115.784503 129687.150714 -85757.6874837 66173.2427992 -30061.0290587 19477.531235
-53562021.6487 1156673.9257 1083194.36245 -231436.001952 -224833.166007 -16023.7955885 -52929.2561782 -48124.728392 30997.00663 -108115.784503 81465.6261114 -97719.7268662 64618.7209098 -49861.7725548 22651.0917447 -14676.3886926
64248768.1733 -1387454.62954 -1299314.35255 277612.337599 269692.09742 19220.8788292 63489.7527242 57726.6208885 -37181.5594634 129687.150718 -97719.7268686 117216.861576 -77511.5107974 59810.2417899 -27170.4595453 17604.6360034
-42485518.0479 917476.402739 859192.245151 -183575.565956 -178338.181386 -12710.1113002 -41983.6070313 -38172.6446018 24586.8965356 -85757.6874862 64618.7209116 -77511.5107977 51255.7171839 -39550.4720053 17966.8977663 -11641.3450703
32783119.3187 -707952.727544 -662978.896921 141652.496174 137611.170773 9807.50887467 32395.8294966 29455.1748495 -18971.9979847 66173.2428017 -49861.7725566 59810.2417907 -39550.4720057 30518.3484263 -13863.80537 8982.81631025
-14892640.2998 321607.142324 301176.533636 -64349.571271 -62513.6872311 -4455.33265112 -14716.7031671 -13380.8293145 8618.55575748 -30061.0290599 22651.0917456 -27170.4595457 17966.8977665 -13863.80537 6298.01772533 -4080.69320332
9649432.36139 -208379.864438 -195142.199883 41694.2075391 40504.6777774 2886.75682745 9535.43689612 8669.88020986 -5584.2462558 19477.531236 -14676.3886933 17604.6360038 -11641.3450705 8982.81631035 -4080.69320335 2644.0155849
