0.0 0.0 0.0 0.0 0.0 0.0 0.0 0.0 0.0 0.0 0.0 0.0 0.0
0.0 8.99025706514e-09 1.88731755424e-10 -2.26820971377e-11 1.30307031557e-12 -5.64212248081e-14 1.80247116272e-15 -3.84560582763e-17 6.57760094585e-20 4.05444683944e-20 -2.35778679198e-21 7.96442589936e-23 -1.4931850728e-24
0.0 1.88731755406e-10 2.32394230486e-10 -1.51550274424e-12 1.26556546507e-14 -3.49218313325e-15 3.1240817852e-16 -1.77776241277e-17 7.97944018086e-19 -2.99733285588e-20 9.63100200463e-22 -2.45652481634e-23 3.94478837944e-25
0.0 -2.2682097138e-11 -1.51550274333e-12 2.44715065255e-12 -3.94173101347e-14 1.35710701905e-15 -7.28736545408e-17 3.40092909216e-18 -1.34271083991e-19 4.57064790984e-21 -1.35265647122e-22 3.23549831611e-24 -4.95973084454e-26
0.0 1.30307031548e-12 1.26556546069e-14 -3.94173101391e-14 1.34863966015e-14 -2.55488341004e-16 8.00196076868e-18 -3.27699590596e-19 1.23557128723e-20 -4.07111979026e-22 1.16955270698e-23 -2.72692281829e-25 4.09716973125e-27
0.0 -5.64212248002e-14 -3.49218313123e-15 1.35710701942e-15 -2.55488341012e-16 4.52513712825e-17 -8.81923457297e-19 2.39566887718e-20 -8.13347960683e-22 2.60641926659e-23 -7.37016058101e-25 1.69672043953e-26 -2.52348432025e-28
0.0 1.80247116231e-15 3.12408178423e-16 -7.28736545596e-17 8.00196076913e-18 -8.819234573e-19 1.02358384891e-19 -1.9536824946e-21 4.64697865468e-23 -1.34079973586e-24 3.69136611281e-26 -8.40413655026e-28 1.24094153964e-29
0.0 -3.8456058258e-17 -1.77776241234e-17 3.4009290929e-18 -3.27699590613e-19 2.39566887719e-20 -1.95368249459e-21 1.65935805419e-22 -3.04496181062e-24 6.37212900008e-26 -1.56986638742e-27 3.47475279032e-29 -5.0845888148e-31
0.0 6.57760086012e-20 7.9794401791e-19 -1.34271084016e-19 1.23557128729e-20 -8.1334796068e-22 4.64697865463e-23 -3.0449618106e-24 2.02677106844e-25 -3.53994015567e-27 6.49947255766e-29 -1.27724040484e-30 1.80814853713e-32
0.0 4.05444684324e-20 -2.99733285479e-20 4.57064791107e-21 -4.07111979047e-22 2.60641926658e-23 -1.34079973584e-24 6.37212900001e-26 -3.53994015566e-27 1.92859380583e-28 -3.16929784347e-30 4.80381244453e-32 -5.98223760493e-34
0.0 -2.35778679262e-21 9.63100200265e-22 -1.35265647153e-22 1.16955270708e-23 -7.37016058113e-25 3.69136611289e-26 -1.56986638746e-27 6.49947255788e-29 -3.16929784353e-30 1.45752047439e-31 -2.14429908756e-33 2.19393006251e-35
0.0 7.96442590338e-23 -2.45652481553e-23 3.23549831878e-24 -2.72692281873e-25 1.69672043964e-26 -8.40413655052e-28 3.47475279047e-29 -1.27724040491e-30 4.80381244492e-32 -2.14429908757e-33 8.39897427116e-35 -9.13470459291e-37
0.0 -1.49318507318e-24 3.94478837909e-25 -4.95973084611e-26 4.09716973215e-27 -2.52348432033e-28 1.24094153968e-29 -5.08458881501e-31 1.80814853723e-32 -5.98223760517e-34 2.19393006257e-35 -9.13470459273e-37 2.94115361816e-38
