0.0
0.000263038435584
0.000576293444703
0.00102075397732
0.00179307047766
0.00253911488948
0.00331609106884
0.00419894532683
0.00483520806776
0.00532584902289
0.00583645390907
0.00655536521808
0.00739194690404
0.00799520798109
0.00854378520568
0.00940467137002
0.0104476339445
0.011503014216
0.0124040728622
0.0132425429981
0.0143730163167
0.0153916504609
0.0162919606808
0.0174577514457
0.0186440451738
0.0196633189367
0.0203877393449
0.0211251863804
0.0222497945896
0.0233409125832
0.0242131396874
0.0249853426368
0.0255974060762
0.0263143931954
0.0269561577856
0.0274789366724
0.0281720136942
0.0288636713665
0.0294166080546
0.0296036576544
0.0298951159937
0.030472281619
0.0307834276495
0.0309056696448
0.0308704162913
0.0308619483921
0.0310733966158
0.0311450656331
0.0310786612916
0.0308980361884
0.0306659116332
0.0301831473599
0.0297018125221
0.0294247728397
0.0290786494348
0.0286890311712
0.0280418744041
0.0273504708275
0.0267329303268
0.0261161915391
0.0254784312897
0.0246964037765
0.023865597905
0.0230378625305
0.0222444909895
0.0214739799361
0.0206399736405
0.0197942553594
0.0189822216379
0.018093303628
0.0171962414285
0.0163713673236
0.0155850712376
0.0147352768994
0.013833351139
0.0129806263183
0.0121846386628
0.0114217369539
0.0106463928766
0.00990416683993
0.00921326878969
0.00851963300298
0.00784527917268
0.00719968372429
0.00658603650164
0.00601503398473
0.00545934202909
0.00492403155181
0.00441655420113
0.00395917649254
0.00353818325805
0.00311709907664
0.00273561675362
0.00239654664402
0.00208097231487
0.0017959487549
0.00154257299078
0.00132004152508
0.00112748456067
0.000959500785511
0.0008318408338
0.000740498181624
0.000685538316769
0.000669608829166
0.000670762618908
0.0006936856876
0.000722054826675
0.000751936114768
0.000781662903657
0.000805521968498
0.000827303608767
0.000843679223785
0.000860329676058
0.000862189816318
0.000862797102432
0.00085959823216
0.000854397576924
0.000847548022304
0.000836066966361
0.000827835698028
0.000815130381998
0.000804992951542
0.000794362106782
0.000783315861757
0.000772111618568
0.000760071182734
0.000752333889641
0.000740562523997
0.000727076524361
0.000720034246965
0.000709443293809
0.000698167386741
0.000690764929405
0.000684697303113
0.000683443620707
0.000675242738582
0.000673435512281
0.000669679925469
0.000668372952038
0.000663423677181
0.000658696451773
0.000654577607524
0.000645175386235
0.000640934333049
0.000634500198911
0.000626113003186
0.000618342886208
0.000613487783128
0.000610140427518
0.000606035566047
0.000603845305885
0.000601145631774
0.000595135852978
0.000590730676696
0.000588941876518
0.000582631113416
0.000576885810137
0.000568110157023
0.000567996337305
0.000565159693312
0.000564952711387
0.000561610384958
0.000556997338655
0.000552806930952
0.000550293826192
0.000546589914575
0.000539306843023
0.000531508474128
0.000525264908965
0.000515823635834
0.00050693103239
0.000498985957874
0.000491242722978
0.000484442576851
0.000472591169117
0.000465956330741
0.000454491848574
0.0004478316759
0.000441868527636
0.000437559721039
0.000435307079591
0.000428658239425
0.000430180145072
0.000428902316802
0.000432587428506
0.000431942279755
0.000435062690735
0.000436203396796
0.000438639750242
0.000440927084262
0.000442031861894
0.000445719809838
0.000447977450044
0.00045127578894
0.000455163453473
0.000458203475653
0.000464005411183
0.000466682020971
0.000472078771357
0.000474877230853
0.000480962476877
0.000485774472865
0.00048662284688
0.000490834028783
0.00049563383625
0.000496731066806
0.000503441327793
0.000503266487809
0.000510117770045
0.000510633386053
0.000514646231839
0.000514441339473
0.000520010520547
0.000521967650084
0.000523863254119
0.000525535160172
0.000525420075491
0.000525045655242
0.000524880462963
0.00052797425742
0.000527597088481
0.000529653814063
0.000527778778894
0.00053022750743
0.00052752227645
0.000529140150479
0.00052456883716
0.000526666331918
0.00052439825495
0.000524622732641
0.000522627440656
