22313669.1605 -481864.547119 -451253.33018 96415.0758401 93664.3675534 6675.43274895 22050.0622454 20048.5201012 -12913.1972528 45040.4927237 -33938.1706101 40709.5473356 -26919.8345309 20772.1639751 -9436.33103737 6114.10980532
-481864.547118 10405.8835013 9744.8330895 -2082.08728564 -2022.68563397 -144.156227974 -476.171945607 -432.94856572 278.860993294 -972.651179518 732.89610478 -879.124246629 581.334866151 -448.575683119 203.777933117 -132.03443733
-451253.330181 9744.8330895 9125.77696364 -1949.8193569 -1894.19129027 -134.998472761 -445.922360299 -405.444814824 261.145902168 -910.86195589 686.337706179 -823.276471174 544.404637921 -420.079194571 190.832613618 -123.64673828
96415.0758401 -2082.08728565 -1949.8193569 416.599653893 404.714125505 28.8438602442 95.2760573963 86.6275990801 -55.7966008865 194.615349479 -146.643354336 175.90177866 -116.317843974 89.7543900389 -40.7734185748 26.4184413749
93664.3675541 -2022.685634 -1894.19129029 404.714125509 393.167689556 28.0209490426 92.557845147 84.1561261002 -54.204731865 189.06300147 -142.459640468 170.883326143 -112.999312568 87.1937101638 -39.6101587907 25.6647270314
6675.43274667 -144.156227926 -134.998472715 28.8438602344 28.0209490327 1.99704504675 6.59657120586 5.99778309551 -3.86315577457 13.474466164 -10.1530579238 12.1788058901 -8.05342876056 6.21427084112 -2.82300471354 1.82911777162
22050.0622484 -476.171945672 -445.922360359 95.276057409 92.5578451584 6.59657120897 21.7895695104 19.8116729675 -12.7606446574 44.5083980159 -33.5372353655 40.2286171033 -26.6018117792 20.526767937 -9.32485308768 6.04187956857
20048.5200979 -432.94856565 -405.444814758 86.6275990656 84.1561260857 5.99778309656 19.8116729615 18.0133153093 -11.6023273847 40.46825366 -30.4929723 36.5769597148 -24.1870953524 18.6634992187 -8.4784116452 5.4934422677
-12913.1972498 278.860993228 261.145902106 -55.7966008732 -54.2047318515 -3.86315577497 -12.7606446527 -11.6023273838 7.47302750386 -26.0654920833 19.6404404983 -23.5591202394 15.578842312 -12.0211090699 5.46092187385 -3.53831121885
45040.4927212 -972.651179468 -910.861955833 194.615349468 189.063001458 13.4744661678 44.5083980073 40.4682536644 -26.065492088 90.9149441163 -68.5047320276 82.1728626206 -54.3381100862 41.9289402209 -19.0473828554 12.3414269614
-33938.1706082 732.896104742 686.337706141 -146.643354327 -142.459640459 -10.1530579268 -33.5372353591 -30.4929723033 19.6404405019 -68.5047320276 51.6185579365 -61.9175426933 40.9439581856 -31.5936047913 14.3522703668 -9.29930887651
40709.5473344 -879.124246603 -823.276471148 175.901778655 170.883326136 12.1788058939 40.2286170966 36.5769597197 -23.5591202443 82.1728626232 -61.9175426948 74.2713908824 -49.1131364457 37.8971914708 -17.2158492747 11.1547160056
-26919.8345302 581.334866137 544.404637906 -116.317843971 -112.999312564 -8.0534287631 -26.6018117748 -24.1870953557 15.5788423153 -54.3381100878 40.9439581867 -49.1131364459 32.4768412559 -25.060119563 11.3842536731 -7.37623306484
20772.1639748 -448.575683112 -420.079194563 89.754390037 87.1937101613 6.21427084312 20.5267679338 18.6634992214 -12.0211090725 41.9289402224 -31.5936047924 37.8971914713 -25.0601195632 19.3371512817 -8.78443676028 5.69172602332
-9436.33103724 203.777933114 190.832613615 -40.7734185741 -39.6101587896 -2.82300471445 -9.32485308622 -8.47841164647 5.46092187506 -19.0473828562 14.3522703674 -17.2158492749 11.3842536732 -8.78443676028 3.99057379607 -2.58562425149
6114.10980528 -132.034437329 -123.646738279 26.4184413747 25.6647270309 1.82911777223 6.0418795677 5.49344226857 -3.53831121966 12.341426962 -9.29930887695 11.1547160059 -7.37623306496 5.69172602338 -2.58562425151 1.67531114863
