2.54683157475e-05
6.35866490887e-05
0.000114223740903
0.000177219796209
0.000252376060796
0.000339455477968
0.000438183473642
0.000548248868221
0.000669304913277
0.000800970450834
0.0009428311926
0.00109444111633
0.00125532397611
0.00142497492283
0.00160286223107
0.00178842912796
0.00198109571924
0.00218026100752
0.00238530499715
0.00259559087968
0.00281046729361
0.00302927065162
0.003251327528
0.00347595709869
0.00370247362578
0.00393018897798
0.0041584151783
0.00438646696937
0.0046136643871
0.00483933533233
0.00506281813043
0.00528346406801
0.00550063989603
0.00571373028805
0.00592214024251
0.00612529741748
0.00632265438637
0.00651369080314
0.00669791546542
0.00687486826397
0.00704412200722
0.00720528410971
0.00735799813337
0.0075019451711
0.00763684506228
0.00776245743042
0.0078785825335
0.00798506191814
0.00808177886954
0.00816865864952
0.00824566851604
0.00831281751824
0.00837015606222
0.00841777524351
0.00845580594374
0.00848441769002
0.00850381727708
0.00851424715407
0.0085159835793
0.00850933454873
0.00849463750597
0.00847225684428
0.00844258121386
0.00840602065094
0.00836300354856
0.0083139734928
0.00825938599226
0.00819970513283
0.0081354001943
0.00806694226978
0.00799480093315
0.00791944100416
0.00784131946389
0.00776088257635
0.00767856327354
0.00759477886184
0.00750992910593
0.00742439474363
0.00733853647947
0.00725269449736
0.00716718852239
0.0070823184501
0.00699836554641
0.00691559420557
0.00683425423498
0.00675458361705
0.00667681167806
0.00660116257451
0.00652785898767
0.00645712589888
0.00638919430181
0.00632430469308
0.00626271017241
0.00620467897612
0.00615049626638
0.00610046500356
0.00605490574212
0.00601415521286
0.00597856358794
0.00594849037082
0.00592429891046
0.00590634960836
0.00589499196376
0.00589055568337
0.00589334116026
0.00590360969417
0.00592157387463
0.0059473885704
0.00598114295972
0.0060228539919
0.00607246159622
0.00612982585353
0.00619472623113
0.00626686286286
0.00634585974781
0.00643126965012
0.00652258041889
0.00661922241086
0.00672057669105
0.00682598370175
0.00693475212356
0.00704616769661
0.00715950181876
0.00727401978652
0.00738898858877
0.00750368420102
0.00761739835853
0.00772944480853
0.00783916505756
0.00794593363864
0.00804916292713
0.00814830753442
0.00824286830528
0.00833239594069
0.00841649426095
0.00849482311774
0.00856710095593
0.00863310701881
0.0086926831827
0.00874573540015
0.00879223472338
0.00883221787357
0.0088657873156
0.0088931107924
0.00891442026925
0.00893001023533
0.00894023530937
0.00894550709762
0.00894629025721
0.00894309772687
0.00893648510024
0.00892704413593
0.00891539542334
0.00890218025426
0.00888805178758
0.00887366563693
0.00885967005736
0.0088466959552
0.00883534699166
0.00882619009116
0.00881974669764
0.00881648513912
0.00881681446147
0.00882108007338
0.00882956150383
0.00884247251417
0.00885996373011
0.00888212786973
0.00890900754897
0.00894060554982
0.00897689734546
0.00901784559655
0.00906341626303
0.00911359592063
0.00916840982601
0.00922794024048
0.00929234449097
0.00936187222099
0.00943688125651
0.00951785148461
0.00960539611794
0.00970026970046
0.00980337220826
0.00991574862665
0.0100385834515
0.010173189685
0.0103209920835
0.0104835046689
0.0106623028331
0.0108589907282
0.011075165006
0.0113123763136
0.0115720902167
0.0118556493592
0.0121642386555
0.0124988551347
0.0128602837328
0.013249079901
0.0136655594239
0.0141097953771
0.0145816217615
0.0150806430575
0.0156062487795
0.0161576320555
0.0167338113117
0.0173336542634
0.0179559035812
0.0185992037864
0.0192621291096
0.0199432122081
0.020640973773
0.0213539531624
0.0220807402712
0.0228200088942
0.0235705518591
0.0243313182023
0.0251014526317
0.0258803374701
0.0266676371953
0.0274633455914
0.0282678353869
0.0290819100885
0.0299068575071
0.0307445042248
0.0315972699616
0.0324682204777
0.0333611173025
0.0342804622365
0.0352315342623
0.0362204162605
0.0372540088238
0.0383400285389
0.0394869884363
0.0407041589251
0.0420015084643
0.0433896244358
0.0448796161276
0.0464830032644
0.0482115949889
0.0500773653961
0.0520923325132
0.054268447852
0.0566175033242
0.0591510614483
0.0618804135245
0.0648165690348
0.0679702781163
0.0713520877794
0.0749724317392
