1.27378842e-05
5.08964305007e-05
0.000101587016104
0.000164649740375
0.000239885717334
0.000327057732593
0.000425891028673
0.000536074217158
0.000657260315686
0.000789067907613
0.000931082421618
0.00108285752854
0.00124391665217
0.00141375459026
0.00159183924201
0.00177761343759
0.00197049686489
0.00216988808858
0.00237516665579
0.00258569528239
0.00280082211377
0.00301988305301
0.00324220414939
0.00346710403952
0.00369389643302
0.00392189263431
0.00415040409141
0.00437874496283
0.00460623469243
0.00483220058272
0.00505598035584
0.0052769246919
0.00549439973367
0.00570778954656
0.00591649852249
0.00611995371643
0.00631760710387
0.00650893774781
0.00669345386366
0.00687069477057
0.00704023271777
0.00720167457482
0.00735466337476
0.00749887969948
0.00763404289705
0.00775991212112
0.00787628718304
0.00798300920767
0.00807996108507
0.00816706771006
0.00824429600331
0.00831165470789
0.00836919395635
0.00841700460458
0.00845521732962
0.00848400149012
0.00850356374948
0.00851414646342
0.0085160258354
0.00850950984562
0.00849493596125
0.00847266863859
0.00844309663017
0.00840663011339
0.00836369766063
0.00831474307445
0.00826022211565
0.00820059915638
0.0081363437945
0.00806792747049
0.00799582013189
0.00792048699489
0.0078423854559
0.00776196220877
0.00767965062514
0.00759586845559
0.00751101590819
0.00742547415761
0.00733960433291
0.00725374702433
0.00716822233947
0.00708333052709
0.00699935317207
0.00691655494897
0.00683518590326
0.00675548421045
0.00667767934345
0.00660199555843
0.00652865559039
0.00645788443088
0.006389913044
0.00632498186255
0.00626334389494
0.00620526726706
0.00615103702107
0.00610095599858
0.00605534464809
0.00601453961939
0.00597889104088
0.00594875842126
0.00592450517458
0.0059064918365
0.00589506811629
0.00589056401058
0.00589328028273
0.00590347867996
0.00592137230933
0.00594711661652
0.00598080140199
0.00602244426628
0.00607198580086
0.0061292867414
0.00619412718479
0.00626620785307
0.00634515327818
0.00643051669081
0.00652178633238
0.00661839287298
0.00671971761011
0.00682510113835
0.00693385221312
0.00704525657617
0.00715858555907
0.00727310433016
0.00738807969446
0.0075027873942
0.00761651888785
0.00772858760814
0.00783833471453
0.00794513436517
0.0080483985372
0.00814758142422
0.00824218343741
0.00833175483149
0.00841589897097
0.00849427524513
0.0085666016325
0.00863265690897
0.00869228248503
0.00874538385184
0.00879193160753
0.0088319620296
0.00886557715276
0.00889294430689
0.00891429506471
0.0089299235474
0.00894018403419
0.00894548782452
0.00894629930577
0.00894313118839
0.00893653888342
0.00892711401678
0.00891547709865
0.00890226939844
0.00888814411162
0.00887375694878
0.00885975632225
0.00884677335436
0.00883541197769
0.00882623943819
0.00881977754419
0.00881649502179
0.0088168013376
0.00882104233112
0.00882949795836
0.00884238238951
0.00885984662609
0.00888198371458
0.00890883653849
0.0089404080744
0.00897667390686
0.00901759671686
0.00906314238778
0.00911329731937
0.00916808649263
0.00922759179634
0.00929197009388
0.00936147048257
0.00943645017135
0.0095173883739
0.00960489759096
0.00969973163626
0.00980278976115
0.00991511625727
0.0100378949855
0.0101724384007
0.0103201708277
0.0104826059992
0.0106613191838
0.010857914594
0.011073989136
0.0113110939085
0.0115706951189
0.0118541362267
0.0121626031126
0.0124970938906
0.0128583946655
0.013247062103
0.0136634132108
0.0141075222614
0.0145792243956
0.0150781251515
0.0156036149983
0.0161548879017
0.0167309629981
0.0173307085791
0.0179528677541
0.0185960853441
0.0192589357389
0.0199399516144
0.020637653538
0.0213505806003
0.022077322282
0.022816551812
0.0235670612963
0.0243277988865
0.0250979082358
0.0258767704343
0.0266640485417
0.0274597347308
0.0282641999195
0.0290782455999
0.0299031573629
0.0307407593681
0.0315934687175
0.0324643483723
0.0333571569041
0.034276393028
0.0352273325546
0.036216055158
0.0372494582515
0.0383352553413
0.0394819565536
0.0406988296518
0.0419958407875
0.043383575447
0.0448731414947
0.0464760577452
0.0482041329615
0.0500693413787
0.0520837016444
0.0542591663034
0.0566075286206
0.059140352676
0.0618689314148
0.064804275914
0.0679571377217
0.0713380649452
0.0749574919526
