nan
1.27463334149e-05
3.81987473855e-05
7.62768685638e-05
0.000126860467589
0.000189789855153
0.000264866408828
0.000351853229613
0.000450475926823
0.000560423529683
0.0006813495237
0.000812873009565
0.00095457998202
0.00110602472574
0.00126673132509
0.00143619528412
0.00161388525279
0.00179924485518
0.00199169461488
0.00219063397245
0.00239544338948
0.00260548653316
0.00282011253512
0.00303865831765
0.00326045098006
0.00348481023761
0.00371105090483
0.00393848541479
0.00416642636541
0.00439418908352
0.00462109419701
0.0048464702051
0.00506965603637
0.00529000358393
0.00550688020691
0.00571967118705
0.00592778212931
0.00613064129483
0.00632770185494
0.00651844405457
0.00670237727354
0.00687904197423
0.00704801152426
0.00720889388314
0.00736133314166
0.00750501090371
0.00763964749998
0.00776500302381
0.0078808781798
0.00798711493628
0.00808359697358
0.00817024992049
0.00824704137218
0.00831398068386
0.00837111853511
0.00841854626105
0.00845639494787
0.00848483429102
0.00850407121656
0.00851434826696
0.0085159417553
0.00850915969325
0.00849433950073
0.0084718455079
0.00844206626254
0.0084054116596
0.0083623099127
0.00831320439136
0.00825855035186
0.00819881159379
0.00813445707876
0.00806595755245
0.00799378221507
0.00791839548987
0.0078402539426
0.00775980340741
0.00767747637675
0.00759368971283
0.00750884273703
0.00742331575047
0.00733746903331
0.0072516423633
0.00716615508325
0.00708130673572
0.00699737826796
0.00691463379418
0.00683332288403
0.0067536833271
0.00667594430339
0.00660032987002
0.00652706265477
0.00645636762909
0.00638847581638
0.00632362777727
0.00626207670292
0.00620409094013
0.00614995577104
0.00609997427471
0.00605446711138
0.00601377109257
0.00597823643394
0.00594822263326
0.00592409297394
0.00590620772283
0.00589491616857
0.00589054772744
0.00589340242167
0.00590374110307
0.00592177584319
0.00594766093361
0.00598148493008
0.00602326413061
0.00607293780229
0.00613036537131
0.00619532567554
0.00626751826099
0.00634656659421
0.00643202297321
0.00652337485517
0.0066200522839
0.0067214360923
0.00682686657072
0.00693565232525
0.00704707909468
0.00716041834335
0.00727493549614
0.00738989772589
0.00750458124154
0.00761827805514
0.00773030222849
0.00783999561522
0.0079467331232
0.00804992752605
0.00814903385286
0.00824355338202
0.0083330372607
0.00841708976494
0.00849537120884
0.0085676005035
0.00863355735962
0.0086930841193
0.00874608719645
0.00879253809731
0.00883247398672
0.00886599775965
0.00889327757207
0.00891454578171
0.00893009724569
0.00894028692218
0.00894552672412
0.00894628157827
0.00894306465155
0.00893643172003
0.00892697467489
0.00891531418455
0.00890209156302
0.00888795993244
0.00887357480926
0.00885958429109
0.00884661906807
0.00883528252989
0.00882614127928
0.00881971639571
0.00881647580901
0.00881682814434
0.00882111837957
0.00882962561676
0.00884256320855
0.008860081405
0.00888227259604
0.00890917913032
0.00894080359555
0.00897712135386
0.00901809504596
0.0090636907087
0.00911389509413
0.00916873373488
0.0092282892651
0.00929271947558
0.00936227455618
0.00943731295008
0.00951831521786
0.00960589528409
0.00970080842289
0.00980395533491
0.00991638169893
0.0100392726453
0.0101739417233
0.0103218141203
0.0104844041465
0.0106632873165
0.0108600677217
0.0110763417583
0.0113136596216
0.011573486235
0.0118571634262
0.0121658751433
0.0125006173302
0.0128621737544
0.0132510986527
0.0136677065869
0.0141120694362
0.0145840200621
0.015083161888
0.0156088834741
0.0161603771111
0.0167366605158
0.0173366008276
0.0179589402788
0.0186023230917
0.0192653233379
0.0199464736565
0.0206442948627
0.0213573265823
0.0220841591251
0.0228234668518
0.023574043312
0.0243348384274
0.025104997961
0.0258839054683
0.0266712268457
0.0274669574888
0.0282714719372
0.0290855757125
0.0299105588455
0.0307482503414
0.0316010725383
0.0324720939954
0.0333650792001
0.0342845330379
0.0352357376631
0.0362247791625
0.0372585613075
0.0383448037642
0.0394920224663
0.0407094904671
0.0420071785319
0.0433956759361
0.0448860933896
0.0464899515256
0.0482190598652
0.0500853923618
0.0521009664212
0.0542777325216
0.0566274812213
0.0591617734778
0.0618918989467
0.0648288655167
0.0679834219147
0.0713661140564
0.0749873750059
