0.0
0.0
0.999453398773
0.998634299637
0.997543773773
0.996183191519
0.9945542577
0.9926590063
0.99049979411
0.988079293425
0.985400483778
0.98246664281
0.979281336263
0.975848407188
0.97217196441
0.968256370301
0.964106227921
0.959726367602
0.95512183302
0.950297866846
0.945259896013
0.940013516698
0.934564479053
0.928918671794
0.923082106684
0.917060902989
0.910861271968
0.904489501475
0.897951940722
0.891254985258
0.884405062249
0.877408616075
0.870272094344
0.863001934304
0.85560454978
0.848086318608
0.840453570638
0.832712576343
0.824869536032
0.816930569733
0.808901707738
0.800788881839
0.792597917277
0.784334525385
0.776004296963
0.767612696372
0.759165056344
0.750666573502
0.74212230458
0.733537163359
0.724915918239
0.716263190512
0.707583453237
0.698881030755
0.690160098782
0.681424685063
0.672678670566
0.663925791171
0.655169639831
0.646413669175
0.637661194503
0.628915397154
0.620179328213
0.611455912495
0.602747952811
0.594058134447
0.585389029826
0.576743103338
0.568122716284
0.559530131893
0.550967520415
0.54243696421
0.533940462849
0.525479938158
0.517057239204
0.508674147187
0.500332380205
0.492033597895
0.483779405882
0.475571360075
0.467410970738
0.459299706356
0.451238997266
0.443230239043
0.435274795633
0.427374002217
0.41952916782
0.411741577632
0.404012495051
0.396343163462
0.38873480773
0.381188635413
0.373705837713
0.36628759016
0.358935053038
0.35164937156
0.344431675805
0.337283080429
0.33020468416
0.323197569086
0.316262799764
0.309401422147
0.302614462354
0.29590292531
0.289267793252
0.282710024127
0.2762305499
0.269830274803
0.263510073506
0.257270789269
0.25111323206
0.245038176678
0.239046360877
0.233138483529
0.227315202818
0.221577134496
0.215924850206
0.210358875891
0.204879690289
0.199487723541
0.194183355909
0.188966916617
0.183838682822
0.178798878723
0.173847674813
0.168985187274
0.164211477528
0.159526551933
0.154930361639
0.150422802592
0.146003715693
0.141672887107
0.137430048721
0.133274878743
0.129207002445
0.125225993038
0.121331372678
0.117522613589
0.113799139318
0.110160326071
0.10660550418
0.103133959638
0.0997449357367
0.0964376347622
0.0932112197753
0.090064816437
0.0869975148894
0.0840083716757
0.0810964116921
0.0782606301642
0.0754999946382
0.0728134469785
0.0701999053677
0.0676582662957
0.0651874065369
0.0627861851032
0.0604534451721
0.0581880159798
0.0559887146757
0.0538543481361
0.0517837147233
0.0497756060019
0.0478288083902
0.0459421047608
0.0441142759762
0.0423441023622
0.0406303651167
0.038971847653
0.0373673368738
0.0358156243818
0.0343155076209
0.0328657909479
0.0314652866434
0.0301128158515
0.0288072094583
0.0275473089058
0.0263319669461
0.0251600483338
0.0240304304624
0.0229420039456
0.0218936731439
0.0208843566417
0.0199129876765
0.0189785145207
0.0180799008218
0.0172161259012
0.0163861850152
0.0155890895798
0.0148238673636
0.0140895626486
0.0133852363634
0.0127099661909
0.0120628466507
0.011442989161
0.0108495220797
0.0102815907284
0.00973835739883
0.00921900134605
0.00872271876706
0.00824872276833
0.00779624332218
0.00736452721372
0.0069528379789
0.0065604558348
0.00618667760271
0.00583081662448
0.00549220267296
0.00517018185658
0.0048641165185
0.00457338513062
0.00429738218238
0.00403551806462
0.00378721894831
0.00355192665831
0.00332909854181
0.00311820733158
0.00291874100374
0.00273020262981
0.00255211022306
0.00238399657882
0.00222540910861
0.00207590966789
0.00193507437742
0.00180249343791
0.00167777093798
0.00156052465531
0.00145038585103
0.00134699905719
0.00125002185753
0.00115912466155
0.00107399047197
0.000994314645886
0.000919804649639
0.000850179807891
0.000785171046993
0.00072452063313
0.000667981905503
0.000615319005087
0.000566306599263
0.000520729602944
0.000478382896507
0.000439071041249
0.000402607992732
0.000368816812654
0.000337529379762
0.000308586100381
0.000281835619125
0.000257134530329
0.00023434709077
0.000213344934217
0.000194006788328
