1.0
0.999726622078
0.999180211314
0.998361456783
0.997271389379
0.995911378574
0.994283128121
0.99238867072
0.990230361684
0.987810871627
0.985133178217
0.982200557041
0.979016571617
0.975585062597
0.971910136256
0.967996152258
0.963847710817
0.959469639287
0.954866978248
0.950044967159
0.945009029646
0.939764758486
0.934317900354
0.928674340425
0.92284008686
0.916821255282
0.910624053273
0.904254764987
0.897719735923
0.891025357919
0.884178054434
0.877184266168
0.870050437069
0.862783000772
0.85538836753
0.847872911668
0.840242959586
0.832504778381
0.824664565064
0.816728436453
0.808702419718
0.800592443634
0.79240433052
0.7841437889
0.775816406877
0.767427646226
0.758982837216
0.750487174123
0.741945711463
0.733363360918
0.724744888915
0.716094914901
0.70741791021
0.698718197592
0.689999951285
0.681267197691
0.672523816545
0.663773542622
0.65501996788
0.646266544068
0.637516585721
0.628773273518
0.620039657985
0.611318663484
0.602613092464
0.593925629945
0.585258848166
0.576615211422
0.567997080995
0.55940672017
0.550846299319
0.542317900992
0.533823525007
0.525365093495
0.516944455875
0.508563393745
0.500223625643
0.491926811682
0.483674557992
0.475468421016
0.467309911577
0.459200498734
0.451141613412
0.443134651789
0.435180978418
0.427281929094
0.419438813451
0.411652917287
0.403925504606
0.396257819385
0.388651087071
0.381106515794
0.373625297306
0.366208607676
0.3588576077
0.351573443089
0.344357244394
0.33721012672
0.330133189221
0.323127514382
0.316194167135
0.309334193781
0.302548620761
0.295838453295
0.289204673888
0.28264824073
0.276170086007
0.269771114142
0.263452199974
0.257214186909
0.251057885038
0.244984069261
0.238993477418
0.233086808441
0.22726472056
0.221527829556
0.215876707086
0.210311879093
0.204833824302
0.199442972833
0.194139704915
0.188924349733
0.183797184395
0.178758433049
0.173808266133
0.16894679977
0.164174095325
0.159490159095
0.154894942172
0.150388340446
0.14597019477
0.141640291257
0.137398361755
0.133244084435
0.129177084541
0.125196935262
0.121303158743
0.117495227205
0.113772564199
0.110134545949
0.106580502813
0.10310972082
0.0997214433081
0.096414872624
0.0931891718958
0.0900434668655
0.086976847765
0.0839883712395
0.0810770622969
0.0782419162847
0.0754819008813
0.0727959580938
0.0701830062549
0.0676419420163
0.0651716423194
0.0627709663547
0.0604387574832
0.0581738451336
0.0559750466537
0.053841169125
0.0517710111197
0.0497633644189
0.0478170156608
0.0459307479431
0.0441033423563
0.0423335794584
0.0406202406805
0.0389621096732
0.0373579735774
0.0358066242349
0.0343068593303
0.0328574834615
0.0314573091493
0.0301051577794
0.0287998604772
0.0275402589239
0.0263252061094
0.0251535670238
0.0240242192952
0.0229360537691
0.0218879750357
0.0208789019063
0.0199077678433
0.0189735213396
0.0180751262618
0.017211562146
0.0163818244605
0.0155849248297
0.0148198912269
0.0140857681355
0.0133816166822
0.0127065147436
0.01205955703
0.0114398551462
0.0108465376335
0.0102787499926
0.00973565469141
0.00921643115682
0.00872027575449
0.00824640175586
0.00779403929469
0.00736243531406
0.00695085350439
0.0065585742339
0.00618489447163
0.00582912770388
0.00549060384473
0.00516866914061
0.00486268606957
0.00457203323529
0.00429610525593
0.0040343126481
0.00378608170554
0.003550854373
0.00332808811471
0.00311725577764
0.00291784544932
0.00272936030997
0.00255131847885
0.00238325285457
0.00222471094934
0.00207525471666
0.00193446037277
0.0018019182113
0.00167723241128
0.00156002083826
0.00144991483881
0.00134655902795
0.00124961106995
0.00115874145247
0.00107363325397
0.000993981904965
0.000919494942877
0.000849891761143
0.0007849033526
0.000724272047682
0.0006677512476
0.00061510515316
0.000566108489399
0.00052054622675
0.000478213299012
0.000438914318837
0.000402463291106
0.000368683324842
0.000337406344163
0.000308472798836
0.000281731375054
0.000257038706886
0.000234259089048
0.000213264191513
0.000193932776428
