0.0
0.0
0.999726660924
0.998907217056
0.997816232562
0.99645507865
0.994825461214
0.992929415522
0.990769299847
0.988347788162
0.985667861869
0.982732800663
0.979546172512
0.976111822865
0.9724338631
0.968516658297
0.964364814363
0.95998316461
0.955376755814
0.950550833854
0.945510828976
0.940262340757
0.934811122827
0.929163067445
0.923324189979
0.917300613338
0.911098552458
0.904724298898
0.898184205583
0.891484671775
0.884632128346
0.877633023363
0.870493808088
0.863220923391
0.855820786666
0.848299779262
0.840664234481
0.832920426172
0.825074557945
0.817132753039
0.809101044868
0.800985368244
0.792791551328
0.784525308265
0.776192232554
0.767797791139
0.759347319221
0.750846015764
0.742298939728
0.73371100699
0.725086987924
0.716431505666
0.707749035003
0.699043901866
0.690320283449
0.681582208842
0.672833560244
0.664078074642
0.655319345983
0.646560827776
0.637805836086
0.629057552916
0.620319029903
0.61159319232
0.602882843338
0.594190668511
0.585519240442
0.57687102362
0.568248379361
0.559653570843
0.551088768187
0.542556053568
0.534057426307
0.525594807927
0.517170047139
0.508784924748
0.500441158411
0.492140407288
0.4838842765
0.475674321419
0.467512051753
0.459398935411
0.451336402142
0.443325846915
0.435368633072
0.42746609518
0.419619541654
0.411830257072
0.404099504229
0.396428525921
0.388818546424
0.381270772728
0.373786395481
0.366366589679
0.35901251509
0.351725316428
0.344506123304
0.33735604992
0.330276194582
0.323267638979
0.316331447291
0.309468665123
0.302680318275
0.295967411376
0.289330926392
0.282771821028
0.276291027031
0.269889448438
0.263567959751
0.257327404086
0.251168591285
0.245092296044
0.239099256037
0.233190170073
0.22736569629
0.22162645041
0.215973004063
0.210405883192
0.204925566545
0.19953248429
0.194227016717
0.189009493092
0.183880190619
0.178839333548
0.173887092429
0.169023583501
0.164248868243
0.159562953076
0.154965789206
0.150457272634
0.146037244314
0.141705490459
0.137461742995
0.133305680169
0.129236927279
0.125255057558
0.121359593175
0.117550006357
0.113825720644
0.110186112227
0.106630511412
0.103158204155
0.0997684336997
0.0964604022741
0.0932332728711
0.0900861710706
0.0870181869247
0.0840283768747
0.0811157657052
0.0782793485197
0.0755180927323
0.0728309400648
0.0702168085496
0.0676745945148
0.0652031745677
0.0628014075414
0.0604681364304
0.0582021902779
0.0560023860352
0.0538675303731
0.0517964214441
0.0497878505963
0.0478406040279
0.0459534643866
0.0441252123067
0.0423546278817
0.0406404920764
0.0389815880667
0.037376702517
0.0358246267909
0.0343241580915
0.0328741005348
0.0314732661605
0.0301204758716
0.0288145603148
0.0275543606924
0.0263387295192
0.0251665313138
0.0240366432354
0.0229479556658
0.0218993727354
0.0208898128022
0.0199182088784
0.0189835090158
0.018084676643
0.0172206908665
0.0163905467306
0.015593255443
0.0148278445672
0.0140933581838
0.0133888570238
0.0127134185758
0.0120661371688
0.0114461240343
0.0108525073471
0.0102844322492
0.00974106085654
0.00922157225203
0.00872516246404
0.00825104443407
0.00779844797294
0.00736661970776
0.00695482301997
0.00656233797551
0.00618846124788
0.00583250603443
0.00549380196676
0.00517169501526
0.00486554738822
0.00457473742568
0.00429865948836
0.0040367238413
0.00378835653268
0.00355299926742
0.00333010927567
0.003119159176
0.00291963683302
0.0027310452096
0.00255290221298
0.00238474053517
0.00222610748698
0.00207656482582
0.00193568857695
0.00180306884815
0.0016783096376
0.00156102863507
0.00145085701626
0.00134743923022
0.00125043278015
0.00115950799737
0.00107434780883
0.000994647498193
0.000920114460718
0.000850467952265
0.000785438832684
0.000724769303898
0.000668212643081
0.000615532931362
0.000566504778457
0.000520913043737
0.000478552554149
0.000439227819621
0.000402752746385
0.000368950348796
0.000337652460226
0.000308699443541
0.000281939901766
0.000257230389496
0.00023443512555
0.00021342570749
0.000194080828474
